Unite-1-top5: 681 125 613 278 138 maximum: 0.65293234586716
Unite-2-top5: 417 570 828 263 601 maximum: 0.6602104306221
Unite-3-top5: 446 133 100 174 481 maximum: 0.65873426198959
Unite-4-top5: 428 323 810 774 888 maximum: 0.67516952753067
Unite-5-top5: 506 840 110 656 492 maximum: 0.62356382608414
Unite-6-top5: 403 460 201 166 511 maximum: 0.64291024208069
Unite-7-top5: 609 547 617 142 430 maximum: 0.62504726648331
Unite-8-top5: 704 235 570 63 893 maximum: 0.63471007347107
Unite-9-top5: 95 142 995 375 154 maximum: 0.60136610269547
Unite-10-top5: 951 892 256 98 764 maximum: 0.76941782236099
Unite-11-top5: 326 935 259 194 356 maximum: 0.66340911388397
Unite-12-top5: 103 954 337 833 710 maximum: 0.62963378429413
Unite-13-top5: 291 483 900 933 712 maximum: 0.65037906169891
Unite-14-top5: 391 607 520 845 263 maximum: 0.63520407676697
Unite-15-top5: 829 486 951 32 287 maximum: 0.68573921918869
Unite-16-top5: 681 220 945 704 848 maximum: 0.64121675491333
Unite-17-top5: 958 967 646 315 570 maximum: 0.63393926620483
Unite-18-top5: 949 676 634 303 58 maximum: 0.63155752420425
Unite-19-top5: 76 342 324 105 171 maximum: 0.62679094076157
Unite-20-top5: 13 198 860 21 727 maximum: 0.61182850599289
Unite-21-top5: 630 712 352 36 733 maximum: 0.64986664056778
Unite-22-top5: 148 235 208 893 833 maximum: 0.6325678229332
Unite-23-top5: 739 271 962 320 497 maximum: 0.63473933935165
Unite-24-top5: 656 900 212 123 526 maximum: 0.62605738639832
Unite-25-top5: 242 887 183 246 197 maximum: 0.64720439910889
Unite-26-top5: 74 312 126 584 767 maximum: 0.66433483362198
Unite-27-top5: 58 189 556 273 533 maximum: 0.65555590391159
Unite-28-top5: 197 990 643 93 256 maximum: 0.64069175720215
Unite-29-top5: 520 48 706 733 41 maximum: 0.65608304738998
Unite-30-top5: 823 80 853 355 417 maximum: 0.62089908123016
Unite-31-top5: 496 450 746 20 699 maximum: 0.64217287302017
Unite-32-top5: 261 289 986 998 865 maximum: 0.63659560680389
Unite-33-top5: 984 424 351 898 561 maximum: 0.6610814332962
Unite-34-top5: 495 916 269 488 568 maximum: 0.62965953350067
Unite-35-top5: 63 903 509 345 29 maximum: 0.64319580793381
Unite-36-top5: 305 989 314 590 100 maximum: 0.71336609125137
Unite-37-top5: 669 240 65 168 918 maximum: 0.71818220615387
Unite-38-top5: 427 37 444 542 674 maximum: 0.66557866334915
Unite-39-top5: 907 625 773 592 805 maximum: 0.75439029932022
Unite-40-top5: 912 500 691 815 841 maximum: 0.64941895008087
Unite-41-top5: 707 850 535 550 76 maximum: 0.61819702386856
Unite-42-top5: 179 84 832 139 339 maximum: 0.66242229938507
Unite-43-top5: 14 508 763 117 631 maximum: 0.62847071886063
Unite-44-top5: 465 332 497 927 632 maximum: 0.63094931840897
Unite-45-top5: 265 208 434 680 798 maximum: 0.63335591554642
Unite-46-top5: 531 494 244 805 159 maximum: 0.6447411775589
Unite-47-top5: 595 493 181 245 293 maximum: 0.64162021875381
Unite-48-top5: 799 43 196 411 727 maximum: 0.64620780944824
Unite-49-top5: 179 222 250 369 52 maximum: 0.71032387018204
Unite-50-top5: 937 609 996 518 994 maximum: 0.65980613231659
Unite-51-top5: 603 597 565 159 268 maximum: 0.64519321918488
Unite-52-top5: 454 200 389 361 654 maximum: 0.63676482439041
Unite-53-top5: 989 855 661 167 987 maximum: 0.63576799631119
Unite-54-top5: 126 452 841 578 438 maximum: 0.65666699409485
Unite-55-top5: 718 636 962 171 836 maximum: 0.63997793197632
Unite-56-top5: 647 322 842 533 722 maximum: 0.63546693325043
Unite-57-top5: 862 217 926 805 662 maximum: 0.6716873049736
Unite-58-top5: 525 899 974 4 870 maximum: 0.58327251672745
Unite-59-top5: 429 509 103 181 342 maximum: 0.65504503250122
Unite-60-top5: 576 261 997 114 350 maximum: 0.63479447364807
Unite-61-top5: 141 635 921 102 23 maximum: 0.64269667863846
Unite-62-top5: 78 283 666 785 670 maximum: 0.6400682926178
Unite-63-top5: 806 184 989 549 910 maximum: 0.71637296676636
Unite-64-top5: 156 973 948 814 162 maximum: 0.66111183166504
Unite-65-top5: 698 503 45 11 931 maximum: 0.63322931528091
Unite-66-top5: 732 644 212 706 243 maximum: 0.60984033346176
Unite-67-top5: 407 722 826 470 303 maximum: 0.64939504861832
Unite-68-top5: 951 689 882 829 435 maximum: 0.67506337165833
Unite-69-top5: 857 246 805 833 733 maximum: 0.63860940933228
Unite-70-top5: 992 555 294 622 943 maximum: 0.68989378213882
Unite-71-top5: 220 148 318 791 127 maximum: 0.84910726547241
Unite-72-top5: 756 392 4 799 159 maximum: 0.63042795658112
Unite-73-top5: 698 277 857 843 110 maximum: 0.58777767419815
Unite-74-top5: 551 509 347 805 755 maximum: 0.62485021352768
Unite-75-top5: 711 601 777 832 427 maximum: 0.63528853654861
Unite-76-top5: 6 102 287 989 636 maximum: 0.63727295398712
Unite-77-top5: 961 55 854 596 389 maximum: 0.66051435470581
Unite-78-top5: 167 677 519 410 570 maximum: 0.68010193109512
Unite-79-top5: 58 710 828 249 924 maximum: 0.62443333864212
Unite-80-top5: 232 664 996 967 646 maximum: 0.65051645040512
Unite-81-top5: 711 257 103 785 787 maximum: 0.75871223211288
Unite-82-top5: 541 586 769 198 519 maximum: 0.63525009155273
Unite-83-top5: 519 144 625 300 690 maximum: 0.61339575052261
Unite-84-top5: 110 804 354 8 364 maximum: 0.64314067363739
Unite-85-top5: 639 809 727 954 363 maximum: 0.68874514102936
Unite-86-top5: 129 650 412 240 891 maximum: 0.6543545126915
Unite-87-top5: 940 622 858 838 794 maximum: 0.62854659557343
Unite-88-top5: 282 845 110 258 265 maximum: 0.62367582321167
Unite-89-top5: 31 592 936 545 362 maximum: 0.70189172029495
Unite-90-top5: 76 938 142 264 453 maximum: 0.90638172626495
Unite-91-top5: 917 64 894 837 452 maximum: 0.67706727981567
Unite-92-top5: 778 335 814 656 527 maximum: 0.62601315975189
Unite-93-top5: 919 145 760 716 748 maximum: 0.64722269773483
Unite-94-top5: 962 48 968 658 208 maximum: 0.67302548885345
Unite-95-top5: 105 166 783 540 133 maximum: 0.69333469867706
Unite-96-top5: 145 31 297 573 337 maximum: 0.61447769403458
Unite-97-top5: 692 924 536 61 570 maximum: 0.64163857698441
Unite-98-top5: 573 306 346 766 420 maximum: 0.63764774799347
Unite-99-top5: 314 353 163 68 787 maximum: 0.66170138120651
Unite-100-top5: 907 138 342 161 4 maximum: 0.63188850879669
Unite-101-top5: 74 172 662 348 284 maximum: 0.64406335353851
Unite-102-top5: 145 969 300 412 561 maximum: 0.62318122386932
Unite-103-top5: 685 517 764 808 692 maximum: 0.6446932554245
Unite-104-top5: 545 764 643 354 808 maximum: 0.67006134986877
Unite-105-top5: 426 204 620 566 412 maximum: 0.65714734792709
Unite-106-top5: 477 175 105 879 341 maximum: 0.62071949243546
Unite-107-top5: 857 458 679 894 511 maximum: 0.64910292625427
Unite-108-top5: 353 182 900 965 369 maximum: 0.64284253120422
Unite-109-top5: 244 505 735 253 114 maximum: 0.64184510707855
Unite-110-top5: 148 381 304 116 190 maximum: 0.64244532585144
Unite-111-top5: 715 483 902 698 117 maximum: 0.63583898544312
Unite-112-top5: 732 829 691 935 207 maximum: 0.6328889131546
Unite-113-top5: 323 510 853 916 105 maximum: 0.62243050336838
Unite-114-top5: 924 954 585 245 664 maximum: 0.68268060684204
Unite-115-top5: 112 18 696 946 291 maximum: 0.67017978429794
Unite-116-top5: 209 211 287 783 869 maximum: 0.65541207790375
Unite-117-top5: 83 673 108 757 54 maximum: 0.66740548610687
Unite-118-top5: 708 610 630 372 296 maximum: 0.76931023597717
Unite-119-top5: 923 458 714 736 754 maximum: 0.6431502699852
Unite-120-top5: 7 753 750 918 968 maximum: 0.72767752408981
Unite-121-top5: 413 647 755 304 798 maximum: 0.62676805257797
Unite-122-top5: 648 17 786 575 380 maximum: 0.63054221868515
Unite-123-top5: 674 261 71 640 403 maximum: 0.60685646533966
Unite-124-top5: 47 574 295 595 874 maximum: 0.62553536891937
Unite-125-top5: 230 974 646 261 537 maximum: 0.64925301074982
Unite-126-top5: 125 57 810 851 595 maximum: 0.63071167469025
Unite-127-top5: 699 290 507 52 244 maximum: 0.63453048467636
Unite-128-top5: 293 531 478 752 958 maximum: 0.64199721813202
Unite-129-top5: 788 618 250 340 210 maximum: 0.64976853132248
Unite-130-top5: 624 30 983 254 410 maximum: 0.62182265520096
Unite-131-top5: 463 47 549 189 288 maximum: 0.63991165161133
Unite-132-top5: 875 662 210 634 272 maximum: 0.64515060186386
Unite-133-top5: 296 97 678 318 302 maximum: 0.6386803984642
Unite-134-top5: 609 311 52 792 741 maximum: 0.61735183000565
Unite-135-top5: 186 841 795 409 768 maximum: 0.63312554359436
Unite-136-top5: 320 380 509 565 482 maximum: 0.65787905454636
Unite-137-top5: 497 936 673 47 153 maximum: 0.63155496120453
Unite-138-top5: 198 838 194 78 687 maximum: 0.61979192495346
Unite-139-top5: 530 163 471 261 340 maximum: 0.64385157823563
Unite-140-top5: 973 156 731 13 299 maximum: 0.61840182542801
Unite-141-top5: 637 599 126 570 15 maximum: 0.62215769290924
Unite-142-top5: 807 265 49 258 254 maximum: 0.63156378269196
Unite-143-top5: 390 273 550 580 85 maximum: 0.67308437824249
Unite-144-top5: 183 415 332 208 298 maximum: 0.62084931135178
Unite-145-top5: 635 164 82 223 631 maximum: 0.63521689176559
Unite-146-top5: 348 869 653 290 460 maximum: 0.6322785615921
Unite-147-top5: 206 940 239 838 383 maximum: 0.65170592069626
Unite-148-top5: 571 860 224 55 280 maximum: 0.67903214693069
Unite-149-top5: 304 156 872 494 523 maximum: 0.66263157129288
Unite-150-top5: 573 239 776 313 398 maximum: 0.65637075901031
Unite-151-top5: 115 374 351 36 439 maximum: 0.66173821687698
Unite-152-top5: 345 857 825 258 460 maximum: 0.66792368888855
Unite-153-top5: 791 287 644 136 235 maximum: 0.63294696807861
Unite-154-top5: 632 607 834 938 405 maximum: 0.63607811927795
Unite-155-top5: 24 672 460 677 439 maximum: 0.66013866662979
Unite-156-top5: 483 759 770 164 554 maximum: 0.62003445625305
Unite-157-top5: 219 668 666 4 385 maximum: 0.63278764486313
Unite-158-top5: 502 252 504 489 230 maximum: 0.62824457883835
Unite-159-top5: 962 898 144 12 894 maximum: 0.65566802024841
Unite-160-top5: 343 252 620 11 169 maximum: 0.64937490224838
Unite-161-top5: 591 704 238 635 151 maximum: 0.63409858942032
Unite-162-top5: 650 385 258 682 714 maximum: 0.60232073068619
Unite-163-top5: 844 234 758 888 701 maximum: 0.64212906360626
Unite-164-top5: 57 974 302 420 164 maximum: 0.67259687185287
Unite-165-top5: 524 494 935 371 99 maximum: 0.63652718067169
Unite-166-top5: 314 477 204 11 75 maximum: 0.6105192899704
Unite-167-top5: 648 221 952 97 513 maximum: 0.82877284288406
Unite-168-top5: 903 103 804 355 674 maximum: 0.90811866521835
Unite-169-top5: 146 478 993 934 121 maximum: 0.61969375610352
Unite-170-top5: 778 185 416 301 561 maximum: 0.62945747375488
Unite-171-top5: 393 232 697 212 250 maximum: 0.65310853719711
Unite-172-top5: 153 973 600 57 825 maximum: 0.67766952514648
Unite-173-top5: 297 501 413 514 964 maximum: 0.6384117603302
Unite-174-top5: 710 135 36 208 297 maximum: 0.5981450676918
Unite-175-top5: 383 824 315 150 633 maximum: 0.62199914455414
Unite-176-top5: 834 171 182 445 1000 maximum: 0.62890416383743
Unite-177-top5: 187 618 604 760 326 maximum: 0.62988406419754
Unite-178-top5: 529 710 954 189 695 maximum: 0.63304644823074
Unite-179-top5: 990 773 186 438 172 maximum: 0.67614507675171
Unite-180-top5: 866 174 931 182 272 maximum: 0.63512259721756
Unite-181-top5: 211 339 330 518 143 maximum: 0.6241175532341
Unite-182-top5: 197 974 921 438 296 maximum: 0.63161021471024
Unite-183-top5: 599 756 4 120 399 maximum: 0.64317524433136
Unite-184-top5: 604 235 644 662 528 maximum: 0.65483146905899
Unite-185-top5: 372 890 438 574 867 maximum: 0.62274152040482
Unite-186-top5: 633 346 95 988 693 maximum: 0.62737905979156
Unite-187-top5: 759 74 747 951 46 maximum: 0.66963291168213
Unite-188-top5: 176 40 864 838 147 maximum: 0.64334726333618
Unite-189-top5: 650 928 811 557 711 maximum: 0.66062378883362
Unite-190-top5: 619 707 755 138 208 maximum: 0.65051758289337
Unite-191-top5: 706 526 188 139 858 maximum: 0.62635940313339
Unite-192-top5: 259 48 737 945 159 maximum: 0.67433869838715
Unite-193-top5: 248 921 249 841 955 maximum: 0.66976052522659
Unite-194-top5: 169 827 814 718 560 maximum: 0.79936647415161
Unite-195-top5: 555 931 8 898 441 maximum: 0.62324416637421
Unite-196-top5: 313 771 42 558 762 maximum: 0.62802845239639
Unite-197-top5: 413 186 877 923 527 maximum: 0.63469129800797
Unite-198-top5: 452 629 206 531 932 maximum: 0.67117923498154
Unite-199-top5: 663 775 429 982 652 maximum: 0.62833374738693
Unite-200-top5: 855 162 828 164 900 maximum: 0.62097781896591
Unite-201-top5: 745 411 387 992 626 maximum: 0.62810105085373
Unite-202-top5: 462 466 467 698 660 maximum: 0.66522544622421
Unite-203-top5: 562 843 851 36 213 maximum: 0.63695448637009
Unite-204-top5: 619 995 597 299 793 maximum: 0.62676525115967
Unite-205-top5: 787 355 257 53 211 maximum: 0.65948539972305
Unite-206-top5: 877 958 741 547 947 maximum: 0.64406579732895
Unite-207-top5: 973 597 232 702 250 maximum: 0.61955416202545
Unite-208-top5: 643 573 662 672 779 maximum: 0.63488078117371
Unite-209-top5: 756 447 249 369 274 maximum: 0.62390321493149
Unite-210-top5: 157 808 362 288 385 maximum: 0.64060193300247
Unite-211-top5: 110 628 426 643 972 maximum: 0.68190580606461
Unite-212-top5: 592 31 639 587 721 maximum: 0.65743637084961
Unite-213-top5: 116 793 165 735 37 maximum: 0.63446414470673
Unite-214-top5: 170 302 362 895 311 maximum: 0.86787122488022
Unite-215-top5: 760 639 919 870 50 maximum: 0.61524838209152
Unite-216-top5: 640 995 711 35 307 maximum: 0.73550868034363
Unite-217-top5: 192 267 902 269 704 maximum: 0.69604104757309
Unite-218-top5: 650 91 305 539 573 maximum: 0.63888728618622
Unite-219-top5: 697 600 500 583 897 maximum: 0.64665132761002
Unite-220-top5: 325 975 706 289 95 maximum: 0.65427082777023
Unite-221-top5: 770 642 522 448 399 maximum: 0.66662538051605
Unite-222-top5: 962 628 792 769 996 maximum: 0.63053172826767
Unite-223-top5: 432 133 341 720 568 maximum: 0.65957069396973
Unite-224-top5: 836 865 971 554 614 maximum: 0.63516646623611
Unite-225-top5: 316 494 377 32 566 maximum: 0.62696254253387
Unite-226-top5: 647 913 295 110 135 maximum: 0.64144343137741
Unite-227-top5: 802 74 212 867 614 maximum: 0.64024978876114
Unite-228-top5: 609 179 656 411 14 maximum: 0.6553543806076
Unite-229-top5: 743 800 392 836 523 maximum: 0.61529350280762
Unite-230-top5: 98 714 763 628 563 maximum: 0.70226895809174
Unite-231-top5: 951 702 95 878 656 maximum: 0.62160009145737
Unite-232-top5: 584 339 353 52 761 maximum: 0.62406659126282
Unite-233-top5: 207 771 371 809 208 maximum: 0.71246808767319
Unite-234-top5: 472 973 454 684 883 maximum: 0.6354968547821
Unite-235-top5: 801 984 857 106 632 maximum: 0.64279663562775
Unite-236-top5: 720 526 244 310 620 maximum: 0.64832866191864
Unite-237-top5: 526 417 974 964 13 maximum: 0.65069872140884
Unite-238-top5: 1000 523 112 502 722 maximum: 0.67080020904541
Unite-239-top5: 985 595 257 857 48 maximum: 0.68348878622055
Unite-240-top5: 310 670 591 801 483 maximum: 0.65769743919373
Unite-241-top5: 870 778 267 324 715 maximum: 0.77044814825058
Unite-242-top5: 637 152 832 803 754 maximum: 0.6236138343811
Unite-243-top5: 136 769 323 602 418 maximum: 0.63054001331329
Unite-244-top5: 878 761 814 764 211 maximum: 0.61450034379959
Unite-245-top5: 669 249 31 784 221 maximum: 0.63757419586182
Unite-246-top5: 176 548 282 443 577 maximum: 0.61830145120621
Unite-247-top5: 706 235 713 719 45 maximum: 0.63447540998459
Unite-248-top5: 499 574 171 822 623 maximum: 0.62937617301941
Unite-249-top5: 716 832 177 614 67 maximum: 0.63680493831635
Unite-250-top5: 606 808 276 84 765 maximum: 0.69423633813858
Unite-251-top5: 614 852 467 644 186 maximum: 0.64250022172928
Unite-252-top5: 23 656 777 63 620 maximum: 0.74986571073532
Unite-253-top5: 459 864 591 377 95 maximum: 0.63173639774323
Unite-254-top5: 570 915 157 644 640 maximum: 0.65552484989166
Unite-255-top5: 836 26 668 85 170 maximum: 0.64555096626282
Unite-256-top5: 732 632 223 786 531 maximum: 0.62952083349228
Unite-257-top5: 70 569 53 760 482 maximum: 0.92470449209213
Unite-258-top5: 41 746 82 869 333 maximum: 0.65876120328903
Unite-259-top5: 63 720 799 101 386 maximum: 0.62383359670639
Unite-260-top5: 691 906 924 209 263 maximum: 0.66003912687302
Unite-261-top5: 335 514 320 712 722 maximum: 0.64019495248795
Unite-262-top5: 610 949 696 961 737 maximum: 0.6443687081337
Unite-263-top5: 227 520 300 618 148 maximum: 0.65087312459946
Unite-264-top5: 486 77 882 331 811 maximum: 0.70391130447388
Unite-265-top5: 496 739 61 421 536 maximum: 0.62904757261276
Unite-266-top5: 147 462 48 863 137 maximum: 0.66426151990891
Unite-267-top5: 597 337 269 885 807 maximum: 0.63523125648499
Unite-268-top5: 589 832 643 105 517 maximum: 0.76204407215118
Unite-269-top5: 5 268 614 596 903 maximum: 0.6428901553154
Unite-270-top5: 698 944 780 324 285 maximum: 0.62542629241943
Unite-271-top5: 802 575 275 271 700 maximum: 0.62188267707825
Unite-272-top5: 619 678 145 690 769 maximum: 0.67878359556198
Unite-273-top5: 552 921 476 553 173 maximum: 0.67133867740631
Unite-274-top5: 644 927 61 303 41 maximum: 0.76333278417587
Unite-275-top5: 862 911 204 886 298 maximum: 0.67454218864441
Unite-276-top5: 763 302 432 943 750 maximum: 0.64781033992767
Unite-277-top5: 339 277 378 203 455 maximum: 0.62109297513962
Unite-278-top5: 249 302 219 57 462 maximum: 0.6442157626152
Unite-279-top5: 270 262 607 702 86 maximum: 0.63791698217392
Unite-280-top5: 605 495 437 867 48 maximum: 0.61244797706604
Unite-281-top5: 254 595 903 860 954 maximum: 0.69990432262421
Unite-282-top5: 175 766 243 251 249 maximum: 0.65913045406342
Unite-283-top5: 656 826 380 599 703 maximum: 0.84529197216034
Unite-284-top5: 708 238 753 356 261 maximum: 0.6559072136879
Unite-285-top5: 377 291 634 238 194 maximum: 0.64961522817612
Unite-286-top5: 426 872 850 838 432 maximum: 0.60945564508438
Unite-287-top5: 438 961 645 916 854 maximum: 0.88434618711472
Unite-288-top5: 432 649 231 169 123 maximum: 0.63812160491943
Unite-289-top5: 847 874 399 328 788 maximum: 0.6838646531105
Unite-290-top5: 9 249 532 13 81 maximum: 0.70975643396378
Unite-291-top5: 334 356 763 30 232 maximum: 0.63829004764557
Unite-292-top5: 715 182 450 978 885 maximum: 0.64029186964035
Unite-293-top5: 71 852 695 878 583 maximum: 0.64392805099487
Unite-294-top5: 509 370 566 413 838 maximum: 0.62527912855148
Unite-295-top5: 710 649 329 125 606 maximum: 0.63694697618484
Unite-296-top5: 986 282 109 487 301 maximum: 0.63683915138245
Unite-297-top5: 197 246 84 613 466 maximum: 0.66169399023056
Unite-298-top5: 846 105 309 405 562 maximum: 0.66618740558624
Unite-299-top5: 74 767 414 282 364 maximum: 0.68643790483475
Unite-300-top5: 432 173 744 213 699 maximum: 0.62644881010056
Unite-301-top5: 173 238 473 87 82 maximum: 0.6563748717308
Unite-302-top5: 691 488 298 781 836 maximum: 0.57090538740158
Unite-303-top5: 726 578 125 24 348 maximum: 0.65144026279449
Unite-304-top5: 784 756 656 570 829 maximum: 0.63150644302368
Unite-305-top5: 992 506 60 92 895 maximum: 0.69370853900909
Unite-306-top5: 17 213 258 733 956 maximum: 0.63598722219467
Unite-307-top5: 952 702 924 6 791 maximum: 0.63602954149246
Unite-308-top5: 407 994 698 891 37 maximum: 0.64381033182144
Unite-309-top5: 66 951 747 666 624 maximum: 0.64023131132126
Unite-310-top5: 894 571 867 393 667 maximum: 0.63614988327026
Unite-311-top5: 439 602 671 417 937 maximum: 0.63353091478348
Unite-312-top5: 629 832 496 361 847 maximum: 0.64638888835907
Unite-313-top5: 921 128 43 754 724 maximum: 0.66563254594803
Unite-314-top5: 375 923 749 89 403 maximum: 0.71898925304413
Unite-315-top5: 958 555 309 183 465 maximum: 0.6653978228569
Unite-316-top5: 414 277 992 570 347 maximum: 0.59752613306046
Unite-317-top5: 420 730 260 483 287 maximum: 0.62502765655518
Unite-318-top5: 867 648 681 29 941 maximum: 0.61889457702637
Unite-319-top5: 601 759 376 375 281 maximum: 0.6440349817276
Unite-320-top5: 752 470 654 42 406 maximum: 0.6569139957428
Unite-321-top5: 664 6 19 178 712 maximum: 0.64471274614334
Unite-322-top5: 550 302 575 986 557 maximum: 0.62208086252213
Unite-323-top5: 93 596 50 642 695 maximum: 0.62483137845993
Unite-324-top5: 343 144 559 870 428 maximum: 0.65484988689423
Unite-325-top5: 777 669 428 256 335 maximum: 0.66580450534821
Unite-326-top5: 132 802 397 867 479 maximum: 0.6357449889183
Unite-327-top5: 635 705 308 229 155 maximum: 0.67474299669266
Unite-328-top5: 694 748 861 428 454 maximum: 0.62265622615814
Unite-329-top5: 242 894 570 398 727 maximum: 0.64163088798523
Unite-330-top5: 486 291 723 95 959 maximum: 0.6282285451889
Unite-331-top5: 302 580 951 181 26 maximum: 0.62126111984253
Unite-332-top5: 812 16 217 823 883 maximum: 0.64370840787888
Unite-333-top5: 572 589 395 805 788 maximum: 0.6293563246727
Unite-334-top5: 731 523 513 586 71 maximum: 0.65129274129868
Unite-335-top5: 619 610 866 815 186 maximum: 0.64403885602951
Unite-336-top5: 854 777 417 96 107 maximum: 0.65503650903702
Unite-337-top5: 810 682 951 102 6 maximum: 0.62272250652313
Unite-338-top5: 226 577 549 278 827 maximum: 0.64477443695068
Unite-339-top5: 177 681 445 10 136 maximum: 0.62885713577271
Unite-340-top5: 293 126 646 973 217 maximum: 0.61835718154907
Unite-341-top5: 79 4 916 377 235 maximum: 0.65521532297134
Unite-342-top5: 475 59 506 738 225 maximum: 0.63205975294113
Unite-343-top5: 377 385 676 723 46 maximum: 0.64798676967621
Unite-344-top5: 702 489 301 694 989 maximum: 0.6333110332489
Unite-345-top5: 811 682 808 872 879 maximum: 0.64579027891159
Unite-346-top5: 11 94 585 63 390 maximum: 0.64265978336334
Unite-347-top5: 517 375 43 646 254 maximum: 0.63249307870865
Unite-348-top5: 143 966 107 470 101 maximum: 0.72298055887222
Unite-349-top5: 45 99 521 981 761 maximum: 0.64484894275665
Unite-350-top5: 689 169 552 42 218 maximum: 0.68870306015015
Unite-351-top5: 436 167 72 397 959 maximum: 0.66202688217163
Unite-352-top5: 605 136 268 107 696 maximum: 0.65152227878571
Unite-353-top5: 364 269 915 702 119 maximum: 0.63297772407532
Unite-354-top5: 11 585 741 325 948 maximum: 0.63940715789795
Unite-355-top5: 637 306 503 765 832 maximum: 0.6911935210228
Unite-356-top5: 110 511 279 312 311 maximum: 0.64765977859497
Unite-357-top5: 636 364 79 118 341 maximum: 0.63762128353119
Unite-358-top5: 526 835 759 683 474 maximum: 0.6248893737793
Unite-359-top5: 656 934 897 49 106 maximum: 0.61970102787018
Unite-360-top5: 21 118 5 294 305 maximum: 0.64120775461197
Unite-361-top5: 483 728 838 753 118 maximum: 0.62408339977264
Unite-362-top5: 688 94 180 459 872 maximum: 0.65120565891266
Unite-363-top5: 968 400 23 127 307 maximum: 0.64280241727829
Unite-364-top5: 126 986 321 335 700 maximum: 0.71354746818542
Unite-365-top5: 508 494 745 747 626 maximum: 0.62252998352051
Unite-366-top5: 83 375 326 101 519 maximum: 0.6494248509407
Unite-367-top5: 750 573 904 816 274 maximum: 0.63166457414627
Unite-368-top5: 477 713 937 354 214 maximum: 0.65499931573868
Unite-369-top5: 731 636 330 220 187 maximum: 0.67292892932892
Unite-370-top5: 384 555 812 210 78 maximum: 0.64014029502869
Unite-371-top5: 319 764 933 860 267 maximum: 0.62645262479782
Unite-372-top5: 515 238 246 526 390 maximum: 0.65131896734238
Unite-373-top5: 636 635 760 827 529 maximum: 0.66390979290009
Unite-374-top5: 566 685 650 808 571 maximum: 0.63999402523041
Unite-375-top5: 79 601 821 568 166 maximum: 0.66483551263809
Unite-376-top5: 912 717 154 956 441 maximum: 0.64177417755127
Unite-377-top5: 122 819 50 857 668 maximum: 0.66172659397125
Unite-378-top5: 397 564 879 48 28 maximum: 0.65414863824844
Unite-379-top5: 673 168 557 191 349 maximum: 0.63056182861328
Unite-380-top5: 609 670 413 684 905 maximum: 0.63234043121338
Unite-381-top5: 186 601 395 191 904 maximum: 0.74782538414001
Unite-382-top5: 517 828 985 590 884 maximum: 0.72487825155258
Unite-383-top5: 988 258 516 395 794 maximum: 0.6520294547081
Unite-384-top5: 627 919 589 156 393 maximum: 0.70061945915222
Unite-385-top5: 144 479 2 518 967 maximum: 0.64583426713943
Unite-386-top5: 894 854 227 803 595 maximum: 0.66059672832489
Unite-387-top5: 323 827 527 725 518 maximum: 0.6267923116684
Unite-388-top5: 828 702 814 282 277 maximum: 0.63339787721634
Unite-389-top5: 254 369 266 787 148 maximum: 0.64309495687485
Unite-390-top5: 306 970 130 535 978 maximum: 0.6559032201767
Unite-391-top5: 747 331 185 811 896 maximum: 0.63035345077515
Unite-392-top5: 648 802 482 493 694 maximum: 0.68119132518768
Unite-393-top5: 705 953 961 61 159 maximum: 0.76814270019531
Unite-394-top5: 495 478 352 916 8 maximum: 0.6305428147316
Unite-395-top5: 293 740 800 894 471 maximum: 0.63400483131409
Unite-396-top5: 874 197 824 376 692 maximum: 0.6620255112648
Unite-397-top5: 999 611 888 834 782 maximum: 0.65923774242401
Unite-398-top5: 902 831 5 915 430 maximum: 0.6389884352684
Unite-399-top5: 734 626 482 82 119 maximum: 0.63129836320877
Unite-400-top5: 571 962 867 242 833 maximum: 0.64776182174683
Unite-401-top5: 157 413 540 707 290 maximum: 0.66132378578186
Unite-402-top5: 209 16 67 251 404 maximum: 0.63167303800583
Unite-403-top5: 799 127 902 252 906 maximum: 0.64302158355713
Unite-404-top5: 778 156 279 795 814 maximum: 0.68431150913239
Unite-405-top5: 816 26 414 236 85 maximum: 0.63574665784836
Unite-406-top5: 335 751 656 489 241 maximum: 0.63822650909424
Unite-407-top5: 747 145 306 213 100 maximum: 0.64249104261398
Unite-408-top5: 789 738 108 114 475 maximum: 0.65305560827255
Unite-409-top5: 761 202 371 73 183 maximum: 0.66697484254837
Unite-410-top5: 557 735 642 712 855 maximum: 0.64968818426132
Unite-411-top5: 949 600 404 426 673 maximum: 0.64010691642761
Unite-412-top5: 722 857 462 230 934 maximum: 0.63202410936356
Unite-413-top5: 338 939 586 601 760 maximum: 0.75897109508514
Unite-414-top5: 385 836 732 587 674 maximum: 0.65640014410019
Unite-415-top5: 243 591 633 961 264 maximum: 0.63877946138382
Unite-416-top5: 829 847 689 970 299 maximum: 0.62054836750031
Unite-417-top5: 732 723 238 771 484 maximum: 0.68767476081848
Unite-418-top5: 382 578 813 656 440 maximum: 0.63322371244431
Unite-419-top5: 715 653 157 650 500 maximum: 0.63978660106659
Unite-420-top5: 57 756 15 759 562 maximum: 0.64823824167252
Unite-421-top5: 556 229 635 323 16 maximum: 0.65360808372498
Unite-422-top5: 992 867 298 870 814 maximum: 0.64081388711929
Unite-423-top5: 712 681 346 760 818 maximum: 0.63521945476532
Unite-424-top5: 768 195 550 519 990 maximum: 0.633917927742
Unite-425-top5: 959 851 443 510 729 maximum: 0.62130558490753
Unite-426-top5: 303 147 426 390 222 maximum: 0.65761858224869
Unite-427-top5: 238 641 264 609 274 maximum: 0.64485132694244
Unite-428-top5: 265 833 273 133 254 maximum: 0.67068254947662
Unite-429-top5: 156 723 366 388 834 maximum: 0.64658236503601
Unite-430-top5: 966 103 958 405 613 maximum: 0.63213163614273
Unite-431-top5: 289 590 929 388 975 maximum: 0.63131165504456
Unite-432-top5: 637 594 467 36 465 maximum: 0.67162775993347
Unite-433-top5: 361 65 632 866 880 maximum: 0.65146881341934
Unite-434-top5: 234 984 871 923 279 maximum: 0.63182270526886
Unite-435-top5: 654 578 500 689 408 maximum: 0.63463568687439
Unite-436-top5: 732 357 796 737 491 maximum: 0.63364344835281
Unite-437-top5: 207 693 508 935 269 maximum: 0.65008014440536
Unite-438-top5: 674 978 780 795 155 maximum: 0.63000112771988
Unite-439-top5: 926 814 295 830 350 maximum: 0.6734225153923
Unite-440-top5: 129 63 487 69 347 maximum: 0.64542192220688
Unite-441-top5: 834 607 678 466 921 maximum: 0.65887987613678
Unite-442-top5: 354 427 476 683 298 maximum: 0.63005822896957
Unite-443-top5: 846 363 889 880 716 maximum: 0.63835626840591
Unite-444-top5: 487 757 443 626 133 maximum: 0.63741761445999
Unite-445-top5: 66 722 527 939 412 maximum: 0.64266932010651
Unite-446-top5: 48 991 794 36 831 maximum: 0.68427616357803
Unite-447-top5: 640 848 783 599 985 maximum: 0.65538227558136
Unite-448-top5: 61 551 993 814 127 maximum: 0.64701455831528
Unite-449-top5: 434 444 108 171 469 maximum: 0.71865779161453
Unite-450-top5: 256 45 823 162 265 maximum: 0.80655467510223
Unite-451-top5: 639 758 643 745 328 maximum: 0.61967289447784
Unite-452-top5: 890 553 304 351 716 maximum: 0.65222519636154
Unite-453-top5: 438 184 79 48 188 maximum: 0.64823263883591
Unite-454-top5: 280 264 1000 304 780 maximum: 0.66420304775238
Unite-455-top5: 653 594 14 648 204 maximum: 0.62740623950958
Unite-456-top5: 516 122 393 223 860 maximum: 0.65640687942505
Unite-457-top5: 541 431 787 369 214 maximum: 0.62123483419418
Unite-458-top5: 468 529 769 179 424 maximum: 0.69603675603867
Unite-459-top5: 321 297 261 934 219 maximum: 0.6092523932457
Unite-460-top5: 835 56 608 365 298 maximum: 0.61339354515076
Unite-461-top5: 63 566 559 704 186 maximum: 0.65612387657166
Unite-462-top5: 307 379 506 57 465 maximum: 0.6351802945137
Unite-463-top5: 477 487 149 986 23 maximum: 0.67879629135132
Unite-464-top5: 475 501 399 707 354 maximum: 0.63377636671066
Unite-465-top5: 450 982 621 839 885 maximum: 0.68435543775558
Unite-466-top5: 167 6 738 10 238 maximum: 0.65813809633255
Unite-467-top5: 915 376 590 50 313 maximum: 0.62531453371048
Unite-468-top5: 798 175 416 522 46 maximum: 0.61052972078323
Unite-469-top5: 125 985 482 552 768 maximum: 0.62839037179947
Unite-470-top5: 599 193 199 645 92 maximum: 0.64775973558426
Unite-471-top5: 37 763 586 580 995 maximum: 0.72437208890915
Unite-472-top5: 263 759 156 164 152 maximum: 0.63076156377792
Unite-473-top5: 960 151 646 225 518 maximum: 0.64072155952454
Unite-474-top5: 189 143 541 42 405 maximum: 0.64978861808777
Unite-475-top5: 26 364 824 696 265 maximum: 0.63125336170197
Unite-476-top5: 787 459 890 172 995 maximum: 0.66836029291153
Unite-477-top5: 403 404 67 625 989 maximum: 0.69492435455322
Unite-478-top5: 340 890 992 158 196 maximum: 0.64374113082886
Unite-479-top5: 858 327 482 244 259 maximum: 0.63457137346268
Unite-480-top5: 306 466 181 24 509 maximum: 0.7038049697876
Unite-481-top5: 552 544 517 336 314 maximum: 0.61045569181442
Unite-482-top5: 688 170 323 999 848 maximum: 0.65120512247086
Unite-483-top5: 53 771 326 448 631 maximum: 0.64234864711761
Unite-484-top5: 617 154 70 850 189 maximum: 0.68110835552216
Unite-485-top5: 595 432 106 980 800 maximum: 0.63935512304306
Unite-486-top5: 990 290 44 542 19 maximum: 0.63797909021378
Unite-487-top5: 842 58 10 269 434 maximum: 0.63540327548981
Unite-488-top5: 569 975 867 549 74 maximum: 0.70195615291595
Unite-489-top5: 830 820 778 364 794 maximum: 0.64136439561844
Unite-490-top5: 519 891 573 413 246 maximum: 0.65130656957626
Unite-491-top5: 555 964 428 676 872 maximum: 0.6257575750351
Unite-492-top5: 840 780 779 199 673 maximum: 0.66794830560684
Unite-493-top5: 607 220 425 269 699 maximum: 0.62827801704407
Unite-494-top5: 122 391 105 999 184 maximum: 0.72974216938019
Unite-495-top5: 46 298 824 340 282 maximum: 0.54444777965546
Unite-496-top5: 937 197 934 128 799 maximum: 0.63061964511871
Unite-497-top5: 610 454 474 644 916 maximum: 0.66523009538651
Unite-498-top5: 214 516 72 755 415 maximum: 0.62133663892746
Unite-499-top5: 699 35 175 6 201 maximum: 0.69212287664413
Unite-500-top5: 232 874 760 873 570 maximum: 0.69671243429184
Unite-501-top5: 926 932 438 711 45 maximum: 0.63619112968445
Unite-502-top5: 638 284 172 451 426 maximum: 0.64594411849976
Unite-503-top5: 92 250 343 180 521 maximum: 0.62249994277954
Unite-504-top5: 969 296 372 820 654 maximum: 0.6394789814949
Unite-505-top5: 846 161 66 996 930 maximum: 0.63591158390045
Unite-506-top5: 887 945 106 452 648 maximum: 0.63848680257797
Unite-507-top5: 91 980 383 785 592 maximum: 0.67030256986618
Unite-508-top5: 834 480 338 49 566 maximum: 0.63204419612885
Unite-509-top5: 923 312 5 838 836 maximum: 0.63159137964249
Unite-510-top5: 28 511 356 164 301 maximum: 0.63170367479324
Unite-511-top5: 747 644 35 478 576 maximum: 0.62644630670547
Unite-512-top5: 739 696 234 953 390 maximum: 0.62197905778885
Unite-513-top5: 295 17 309 368 419 maximum: 0.6643733382225
Unite-514-top5: 886 737 609 949 50 maximum: 0.62533336877823
Unite-515-top5: 135 114 468 874 211 maximum: 0.5906777381897
Unite-516-top5: 749 982 86 978 825 maximum: 0.65370738506317
Unite-517-top5: 640 827 159 399 786 maximum: 0.64585888385773
Unite-518-top5: 658 387 619 423 586 maximum: 0.62908452749252
Unite-519-top5: 467 438 470 821 759 maximum: 0.62719202041626
Unite-520-top5: 707 759 493 855 11 maximum: 0.60272026062012
Unite-521-top5: 488 386 252 625 213 maximum: 0.63396179676056
Unite-522-top5: 273 297 477 890 513 maximum: 0.76414507627487
Unite-523-top5: 27 474 730 660 986 maximum: 0.64930999279022
Unite-524-top5: 861 86 532 364 290 maximum: 0.64938580989838
Unite-525-top5: 640 831 855 414 782 maximum: 0.64271813631058
Unite-526-top5: 386 144 5 551 744 maximum: 0.62833642959595
Unite-527-top5: 918 517 264 436 407 maximum: 0.71257603168488
Unite-528-top5: 701 541 435 649 723 maximum: 0.61775857210159
Unite-529-top5: 57 63 825 179 361 maximum: 0.65734404325485
Unite-530-top5: 898 439 488 894 86 maximum: 0.62762331962585
Unite-531-top5: 833 24 391 365 247 maximum: 0.65768420696259
Unite-532-top5: 803 968 868 318 234 maximum: 0.62464714050293
Unite-533-top5: 245 975 684 729 232 maximum: 0.65916812419891
Unite-534-top5: 36 305 369 555 293 maximum: 0.61978590488434
Unite-535-top5: 661 470 136 534 530 maximum: 0.73524916172028
Unite-536-top5: 227 660 280 63 590 maximum: 0.64955502748489
Unite-537-top5: 7 365 302 574 849 maximum: 0.6309375166893
Unite-538-top5: 592 390 517 142 11 maximum: 0.64732271432877
Unite-539-top5: 475 383 356 598 346 maximum: 0.64472812414169
Unite-540-top5: 483 8 448 157 894 maximum: 0.6182444691658
Unite-541-top5: 376 761 748 464 585 maximum: 0.67975091934204
Unite-542-top5: 123 7 6 983 772 maximum: 0.64701282978058
Unite-543-top5: 894 354 201 640 564 maximum: 0.59898990392685
Unite-544-top5: 739 675 379 245 344 maximum: 0.65536290407181
Unite-545-top5: 282 532 702 778 50 maximum: 0.6547366976738
Unite-546-top5: 439 174 379 196 555 maximum: 0.6579961180687
Unite-547-top5: 979 544 12 280 16 maximum: 0.6286838054657
Unite-548-top5: 91 653 639 944 356 maximum: 0.64113402366638
Unite-549-top5: 226 264 707 620 501 maximum: 0.65131443738937
Unite-550-top5: 233 543 466 825 397 maximum: 0.64146268367767
Unite-551-top5: 627 5 443 554 637 maximum: 0.64498430490494
Unite-552-top5: 613 534 517 292 122 maximum: 0.67899996042252
Unite-553-top5: 788 257 228 134 187 maximum: 0.65424019098282
Unite-554-top5: 304 730 760 956 853 maximum: 0.63424324989319
Unite-555-top5: 730 282 447 808 308 maximum: 0.59726017713547
Unite-556-top5: 691 461 644 49 164 maximum: 0.62360149621964
Unite-557-top5: 771 330 34 527 326 maximum: 0.62332493066788
Unite-558-top5: 357 76 59 512 555 maximum: 0.65371435880661
Unite-559-top5: 828 526 39 825 472 maximum: 0.62226611375809
Unite-560-top5: 860 492 817 582 321 maximum: 0.623046875
Unite-561-top5: 87 445 923 815 763 maximum: 0.63732355833054
Unite-562-top5: 183 350 888 603 450 maximum: 0.63566172122955
Unite-563-top5: 982 828 243 930 534 maximum: 0.6270826458931
Unite-564-top5: 167 354 48 474 867 maximum: 0.63393253087997
Unite-565-top5: 637 230 482 156 778 maximum: 0.62729698419571
Unite-566-top5: 531 273 590 868 16 maximum: 0.66624110937119
Unite-567-top5: 411 314 219 891 971 maximum: 0.63610982894897
Unite-568-top5: 476 552 108 388 857 maximum: 0.61951339244843
Unite-569-top5: 450 352 668 233 661 maximum: 0.63627964258194
Unite-570-top5: 711 829 589 912 282 maximum: 0.65299868583679
Unite-571-top5: 759 477 798 683 488 maximum: 0.63264435529709
Unite-572-top5: 222 224 975 274 143 maximum: 0.6380278468132
Unite-573-top5: 574 305 54 369 92 maximum: 0.62481254339218
Unite-574-top5: 13 855 304 414 911 maximum: 0.60916244983673
Unite-575-top5: 190 933 122 347 480 maximum: 0.65384835004807
Unite-576-top5: 654 958 197 800 196 maximum: 0.61797469854355
Unite-577-top5: 527 749 391 639 63 maximum: 1.24669444561
Unite-578-top5: 167 968 132 11 246 maximum: 0.63693898916245
Unite-579-top5: 740 522 244 458 456 maximum: 0.63480353355408
Unite-580-top5: 740 458 163 429 642 maximum: 0.64181315898895
Unite-581-top5: 445 929 160 233 372 maximum: 0.87265509366989
Unite-582-top5: 111 725 285 337 129 maximum: 0.65386992692947
Unite-583-top5: 726 376 561 315 921 maximum: 0.62422692775726
Unite-584-top5: 100 263 453 819 855 maximum: 0.62972819805145
Unite-585-top5: 27 936 920 198 266 maximum: 0.67944151163101
Unite-586-top5: 579 114 628 633 862 maximum: 0.65586882829666
Unite-587-top5: 313 841 903 637 715 maximum: 0.64521443843842
Unite-588-top5: 254 165 363 52 595 maximum: 0.65274882316589
Unite-589-top5: 43 518 105 864 398 maximum: 0.63892483711243
Unite-590-top5: 247 747 567 36 282 maximum: 0.65976905822754
Unite-591-top5: 472 57 147 72 20 maximum: 0.63505399227142
Unite-592-top5: 49 758 125 104 446 maximum: 0.6419478058815
Unite-593-top5: 203 757 375 540 185 maximum: 0.62974655628204
Unite-594-top5: 199 148 601 532 210 maximum: 0.65530645847321
Unite-595-top5: 187 514 700 375 134 maximum: 0.64558082818985
Unite-596-top5: 960 713 946 806 397 maximum: 0.6571838259697
Unite-597-top5: 704 111 426 972 32 maximum: 0.64663028717041
Unite-598-top5: 155 134 122 525 533 maximum: 0.62566983699799
Unite-599-top5: 181 680 681 858 534 maximum: 0.63047796487808
Unite-600-top5: 102 269 58 110 431 maximum: 0.63430112600327
Unite-601-top5: 723 630 431 930 953 maximum: 0.65615302324295
Unite-602-top5: 648 78 237 503 419 maximum: 0.62362122535706
Unite-603-top5: 582 887 507 457 394 maximum: 0.64547920227051
Unite-604-top5: 428 5 418 61 503 maximum: 0.63727283477783
Unite-605-top5: 259 22 675 322 135 maximum: 0.64264333248138
Unite-606-top5: 377 329 81 600 536 maximum: 0.60688328742981
Unite-607-top5: 476 192 258 62 396 maximum: 0.63842451572418
Unite-608-top5: 332 247 139 169 618 maximum: 0.79656773805618
Unite-609-top5: 889 535 672 240 478 maximum: 0.6216225028038
Unite-610-top5: 205 1000 573 63 646 maximum: 0.78567296266556
Unite-611-top5: 1 213 443 543 745 maximum: 0.63699549436569
Unite-612-top5: 754 832 398 617 862 maximum: 0.65837240219116
Unite-613-top5: 814 653 607 27 238 maximum: 0.62523239850998
Unite-614-top5: 247 442 758 856 337 maximum: 0.63229984045029
Unite-615-top5: 102 654 477 133 841 maximum: 0.60698372125626
Unite-616-top5: 932 903 634 695 181 maximum: 0.62433135509491
Unite-617-top5: 837 518 107 60 768 maximum: 0.63426893949509
Unite-618-top5: 595 293 637 908 653 maximum: 0.64739114046097
Unite-619-top5: 792 913 380 626 732 maximum: 0.61515462398529
Unite-620-top5: 252 765 664 550 631 maximum: 0.64806795120239
Unite-621-top5: 587 48 759 197 342 maximum: 0.71275001764297
Unite-622-top5: 85 568 396 541 430 maximum: 0.65334248542786
Unite-623-top5: 927 98 723 611 622 maximum: 0.64462852478027
Unite-624-top5: 664 695 764 420 680 maximum: 0.79638731479645
Unite-625-top5: 84 476 602 181 402 maximum: 0.65146052837372
Unite-626-top5: 110 432 769 874 768 maximum: 0.62386608123779
Unite-627-top5: 188 791 482 851 586 maximum: 0.63787519931793
Unite-628-top5: 775 515 885 592 633 maximum: 0.67125260829926
Unite-629-top5: 505 416 535 772 694 maximum: 0.80118364095688
Unite-630-top5: 226 758 614 315 44 maximum: 0.78079342842102
Unite-631-top5: 555 693 943 401 836 maximum: 0.67064732313156
Unite-632-top5: 961 170 266 136 67 maximum: 0.63137686252594
Unite-633-top5: 838 684 980 311 261 maximum: 1.0706650018692
Unite-634-top5: 551 675 698 468 757 maximum: 0.63575249910355
Unite-635-top5: 851 772 632 522 527 maximum: 0.63551825284958
Unite-636-top5: 798 76 568 584 679 maximum: 0.61971580982208
Unite-637-top5: 867 554 372 713 370 maximum: 0.63393640518188
Unite-638-top5: 88 363 223 190 150 maximum: 0.66146808862686
Unite-639-top5: 801 739 472 146 592 maximum: 0.63452392816544
Unite-640-top5: 51 239 158 482 214 maximum: 0.66051250696182
Unite-641-top5: 605 210 50 51 822 maximum: 0.63307422399521
Unite-642-top5: 628 713 295 757 456 maximum: 0.61131632328033
Unite-643-top5: 465 679 958 852 117 maximum: 0.63717234134674
Unite-644-top5: 491 161 483 309 499 maximum: 0.63364768028259
Unite-645-top5: 792 404 314 830 934 maximum: 0.62669652700424
Unite-646-top5: 76 640 402 599 601 maximum: 0.66826140880585
Unite-647-top5: 49 343 658 383 782 maximum: 0.81014114618301
Unite-648-top5: 122 750 385 9 456 maximum: 0.64300262928009
Unite-649-top5: 837 287 145 867 487 maximum: 0.63349866867065
Unite-650-top5: 564 473 453 284 521 maximum: 0.7202273607254
Unite-651-top5: 867 559 8 369 212 maximum: 0.67019611597061
Unite-652-top5: 154 156 570 743 876 maximum: 0.64461934566498
Unite-653-top5: 867 112 214 110 79 maximum: 0.63526284694672
Unite-654-top5: 68 389 111 766 767 maximum: 0.62699389457703
Unite-655-top5: 599 576 363 426 137 maximum: 0.68279349803925
Unite-656-top5: 248 381 894 348 506 maximum: 0.62342309951782
Unite-657-top5: 724 689 898 635 195 maximum: 0.62719362974167
Unite-658-top5: 548 287 731 633 556 maximum: 0.63209027051926
Unite-659-top5: 807 311 708 356 261 maximum: 0.63272053003311
Unite-660-top5: 110 453 849 516 573 maximum: 0.62400841712952
Unite-661-top5: 785 664 893 704 136 maximum: 0.62077689170837
Unite-662-top5: 52 426 581 16 677 maximum: 0.63509142398834
Unite-663-top5: 421 989 845 468 733 maximum: 0.62324911355972
Unite-664-top5: 119 662 895 377 744 maximum: 0.64336371421814
Unite-665-top5: 118 754 741 432 720 maximum: 0.62461411952972
Unite-666-top5: 673 133 949 153 846 maximum: 0.62004011869431
Unite-667-top5: 708 87 207 166 472 maximum: 0.68539577722549
Unite-668-top5: 507 729 946 593 871 maximum: 0.62014174461365
Unite-669-top5: 273 768 293 377 806 maximum: 0.6596707701683
Unite-670-top5: 7 967 711 969 300 maximum: 0.64877903461456
Unite-671-top5: 454 883 556 648 398 maximum: 0.62382179498672
Unite-672-top5: 510 649 606 130 553 maximum: 0.63798987865448
Unite-673-top5: 337 919 559 257 810 maximum: 0.64296424388885
Unite-674-top5: 386 893 248 349 837 maximum: 0.63523691892624
Unite-675-top5: 108 229 130 989 794 maximum: 0.64059972763062
Unite-676-top5: 573 519 805 879 623 maximum: 0.63276970386505
Unite-677-top5: 458 444 186 79 532 maximum: 0.66398668289185
Unite-678-top5: 890 229 579 35 263 maximum: 0.86320757865906
Unite-679-top5: 862 424 332 513 812 maximum: 0.64371252059937
Unite-680-top5: 128 613 23 127 720 maximum: 0.61724323034286
Unite-681-top5: 219 17 928 921 750 maximum: 0.65892714262009
Unite-682-top5: 362 921 522 803 878 maximum: 0.63480848073959
Unite-683-top5: 9 753 692 560 407 maximum: 0.62002217769623
Unite-684-top5: 701 107 604 197 765 maximum: 0.65126484632492
Unite-685-top5: 497 116 815 579 100 maximum: 0.6481985449791
Unite-686-top5: 639 142 150 354 71 maximum: 0.63081979751587
Unite-687-top5: 228 584 890 792 74 maximum: 0.62354344129562
Unite-688-top5: 363 431 596 992 371 maximum: 0.71005892753601
Unite-689-top5: 864 493 263 544 591 maximum: 0.75689798593521
Unite-690-top5: 567 129 816 739 672 maximum: 0.67423045635223
Unite-691-top5: 326 173 76 725 137 maximum: 0.63244193792343
Unite-692-top5: 358 239 684 479 17 maximum: 0.67258208990097
Unite-693-top5: 458 681 605 686 251 maximum: 0.6591728925705
Unite-694-top5: 769 812 309 69 201 maximum: 0.63419824838638
Unite-695-top5: 716 211 676 837 879 maximum: 0.60457926988602
Unite-696-top5: 879 6 293 149 278 maximum: 0.63131421804428
Unite-697-top5: 337 165 762 656 504 maximum: 0.68429130315781
Unite-698-top5: 878 207 541 306 86 maximum: 0.68129962682724
Unite-699-top5: 140 1 917 745 36 maximum: 0.62784820795059
Unite-700-top5: 20 483 903 625 6 maximum: 0.66376608610153
Unite-701-top5: 798 759 561 136 126 maximum: 0.64826369285583
Unite-702-top5: 570 108 186 899 725 maximum: 0.63134574890137
Unite-703-top5: 94 878 421 310 674 maximum: 0.65761947631836
Unite-704-top5: 841 181 959 522 635 maximum: 0.64481526613235
Unite-705-top5: 820 406 536 744 732 maximum: 0.65097558498383
Unite-706-top5: 398 403 623 966 605 maximum: 0.65885961055756
Unite-707-top5: 334 77 156 497 677 maximum: 0.68820691108704
Unite-708-top5: 265 63 931 213 654 maximum: 0.63531821966171
Unite-709-top5: 375 418 619 62 434 maximum: 0.62896239757538
Unite-710-top5: 633 465 895 211 540 maximum: 0.64964759349823
Unite-711-top5: 490 35 223 753 376 maximum: 0.66108065843582
Unite-712-top5: 72 414 730 867 170 maximum: 0.65994274616241
Unite-713-top5: 591 737 374 994 901 maximum: 0.85084784030914
Unite-714-top5: 293 811 235 476 850 maximum: 0.6471928358078
Unite-715-top5: 691 417 768 957 9 maximum: 0.99904423952103
Unite-716-top5: 625 687 551 475 277 maximum: 0.65969324111938
Unite-717-top5: 193 277 225 802 801 maximum: 0.72056061029434
Unite-718-top5: 23 805 344 83 951 maximum: 0.60350012779236
Unite-719-top5: 780 625 126 558 76 maximum: 0.63569062948227
Unite-720-top5: 155 37 189 911 679 maximum: 0.65508508682251
Unite-721-top5: 216 659 964 258 327 maximum: 0.65130496025085
Unite-722-top5: 263 213 601 626 51 maximum: 0.6571661233902
Unite-723-top5: 937 184 990 400 638 maximum: 0.63309150934219
Unite-724-top5: 914 956 713 174 511 maximum: 0.62237024307251
Unite-725-top5: 428 385 732 612 533 maximum: 0.63402587175369
Unite-726-top5: 54 806 527 932 723 maximum: 0.73430871963501
Unite-727-top5: 748 72 174 631 467 maximum: 0.6259850859642
Unite-728-top5: 275 659 348 297 138 maximum: 0.63631111383438
Unite-729-top5: 696 582 417 931 188 maximum: 0.6477832198143
Unite-730-top5: 462 308 976 664 58 maximum: 0.63498258590698
Unite-731-top5: 636 950 704 98 853 maximum: 0.64871108531952
Unite-732-top5: 85 661 707 303 308 maximum: 0.78158098459244
Unite-733-top5: 902 410 454 196 916 maximum: 0.68245536088943
Unite-734-top5: 931 599 229 713 260 maximum: 0.64004671573639
Unite-735-top5: 749 993 501 954 605 maximum: 0.61840224266052
Unite-736-top5: 263 321 201 915 621 maximum: 0.62932085990906
Unite-737-top5: 644 805 632 414 630 maximum: 0.66105514764786
Unite-738-top5: 848 354 851 949 903 maximum: 0.63391000032425
Unite-739-top5: 235 618 276 665 952 maximum: 0.63871049880981
Unite-740-top5: 879 544 143 514 830 maximum: 0.62462216615677
Unite-741-top5: 876 36 436 870 663 maximum: 0.65381574630737
Unite-742-top5: 67 710 142 992 337 maximum: 0.62537723779678
Unite-743-top5: 901 125 11 737 765 maximum: 0.6395291686058
Unite-744-top5: 386 462 632 184 313 maximum: 0.79764771461487
Unite-745-top5: 797 972 22 507 321 maximum: 0.65196597576141
Unite-746-top5: 737 492 586 922 399 maximum: 0.65902858972549
Unite-747-top5: 570 398 604 462 59 maximum: 0.64800500869751
Unite-748-top5: 877 63 969 309 253 maximum: 0.61944276094437
Unite-749-top5: 883 265 481 864 337 maximum: 0.62945073843002
Unite-750-top5: 270 878 754 765 15 maximum: 0.66149240732193
Unite-751-top5: 258 421 146 713 106 maximum: 0.61766719818115
Unite-752-top5: 880 1000 785 775 119 maximum: 0.65109694004059
Unite-753-top5: 810 940 958 667 337 maximum: 0.65176403522491
Unite-754-top5: 674 755 580 513 887 maximum: 0.78833520412445
Unite-755-top5: 845 773 534 313 890 maximum: 0.64067286252975
Unite-756-top5: 640 630 493 50 724 maximum: 0.66243034601212
Unite-757-top5: 496 744 294 424 541 maximum: 0.63025397062302
Unite-758-top5: 789 266 483 666 352 maximum: 0.63025277853012
Unite-759-top5: 305 747 153 914 57 maximum: 0.63931906223297
Unite-760-top5: 946 502 943 910 927 maximum: 0.6385372877121
Unite-761-top5: 413 808 235 559 486 maximum: 0.73696023225784
Unite-762-top5: 955 207 179 453 271 maximum: 0.96624255180359
Unite-763-top5: 493 540 193 299 338 maximum: 0.61389261484146
Unite-764-top5: 843 74 937 381 177 maximum: 0.64367783069611
Unite-765-top5: 981 469 75 621 625 maximum: 0.6479863524437
Unite-766-top5: 87 747 825 494 62 maximum: 0.88609570264816
Unite-767-top5: 965 132 526 881 102 maximum: 0.64666819572449
Unite-768-top5: 98 571 917 165 253 maximum: 0.63091212511063
Unite-769-top5: 282 317 791 13 851 maximum: 0.63335967063904
Unite-770-top5: 520 161 582 553 172 maximum: 0.64515501260757
Unite-771-top5: 537 812 101 197 826 maximum: 0.81600403785706
Unite-772-top5: 319 234 738 792 505 maximum: 0.63593792915344
Unite-773-top5: 898 19 614 855 387 maximum: 0.63667213916779
Unite-774-top5: 870 744 36 150 833 maximum: 0.62401139736176
Unite-775-top5: 465 902 961 741 689 maximum: 0.63142204284668
Unite-776-top5: 698 314 907 10 799 maximum: 0.62929594516754
Unite-777-top5: 891 676 679 477 407 maximum: 0.6623563170433
Unite-778-top5: 894 553 343 530 577 maximum: 0.66850012540817
Unite-779-top5: 106 984 379 564 15 maximum: 0.63986974954605
Unite-780-top5: 860 53 890 792 693 maximum: 0.76115447282791
Unite-781-top5: 617 701 970 884 691 maximum: 0.64779812097549
Unite-782-top5: 893 443 882 217 414 maximum: 0.6273358464241
Unite-783-top5: 410 847 563 921 133 maximum: 0.63655126094818
Unite-784-top5: 730 775 113 426 1000 maximum: 0.63878786563873
Unite-785-top5: 489 263 571 928 710 maximum: 0.65805071592331
Unite-786-top5: 434 238 857 962 942 maximum: 0.63175797462463
Unite-787-top5: 118 547 399 793 812 maximum: 0.65878844261169
Unite-788-top5: 903 612 802 212 836 maximum: 0.61371564865112
Unite-789-top5: 689 281 37 239 123 maximum: 0.67421507835388
Unite-790-top5: 441 792 369 414 664 maximum: 0.63189035654068
Unite-791-top5: 147 546 949 343 17 maximum: 0.64228159189224
Unite-792-top5: 49 908 266 280 972 maximum: 0.63237100839615
Unite-793-top5: 631 179 859 775 152 maximum: 0.67832720279694
Unite-794-top5: 937 393 551 483 183 maximum: 0.63055837154388
Unite-795-top5: 220 209 327 947 526 maximum: 0.62740641832352
Unite-796-top5: 594 778 37 842 60 maximum: 0.63948065042496
Unite-797-top5: 428 745 277 923 799 maximum: 0.62597000598907
Unite-798-top5: 979 412 271 37 644 maximum: 0.63817089796066
Unite-799-top5: 951 683 668 626 823 maximum: 0.61282628774643
Unite-800-top5: 947 726 522 282 13 maximum: 0.63911712169647
Unite-801-top5: 434 820 200 569 67 maximum: 0.74170577526093
Unite-802-top5: 614 959 861 396 382 maximum: 0.65845584869385
Unite-803-top5: 160 627 734 892 254 maximum: 0.62160015106201
Unite-804-top5: 183 814 763 13 470 maximum: 0.72168111801147
Unite-805-top5: 614 136 800 483 368 maximum: 0.62688171863556
Unite-806-top5: 102 527 64 727 24 maximum: 0.63398224115372
Unite-807-top5: 321 752 128 679 215 maximum: 0.63245332241058
Unite-808-top5: 412 919 798 945 858 maximum: 0.6326522231102
Unite-809-top5: 269 569 149 812 471 maximum: 0.63150840997696
Unite-810-top5: 330 23 49 336 989 maximum: 0.64605140686035
Unite-811-top5: 672 992 165 167 982 maximum: 0.59374225139618
Unite-812-top5: 940 986 512 49 700 maximum: 0.64479523897171
Unite-813-top5: 907 676 303 43 717 maximum: 0.62882882356644
Unite-814-top5: 965 989 767 208 824 maximum: 0.62907755374908
Unite-815-top5: 315 860 835 469 403 maximum: 0.69583481550217
Unite-816-top5: 952 742 678 621 151 maximum: 0.62040972709656
Unite-817-top5: 7 765 997 698 229 maximum: 0.65121877193451
Unite-818-top5: 82 882 867 370 227 maximum: 0.65630197525024
Unite-819-top5: 769 935 35 975 964 maximum: 0.64785879850388
Unite-820-top5: 853 476 324 688 328 maximum: 0.63428032398224
Unite-821-top5: 789 535 10 350 504 maximum: 0.66086012125015
Unite-822-top5: 727 730 997 984 91 maximum: 0.66578018665314
Unite-823-top5: 732 54 556 151 956 maximum: 0.64473754167557
Unite-824-top5: 392 43 65 668 912 maximum: 0.67114096879959
Unite-825-top5: 167 12 321 415 904 maximum: 0.64635694026947
Unite-826-top5: 620 579 228 811 893 maximum: 0.62884223461151
Unite-827-top5: 427 409 230 822 801 maximum: 0.67850160598755
Unite-828-top5: 60 506 285 998 404 maximum: 0.62584102153778
Unite-829-top5: 780 74 274 291 34 maximum: 0.62571322917938
Unite-830-top5: 825 250 965 102 257 maximum: 0.63266158103943
Unite-831-top5: 296 848 183 238 317 maximum: 0.65901565551758
Unite-832-top5: 638 640 912 157 754 maximum: 0.60097736120224
Unite-833-top5: 455 448 315 695 538 maximum: 0.63703030347824
Unite-834-top5: 386 781 376 969 5 maximum: 0.62280821800232
Unite-835-top5: 264 193 520 186 247 maximum: 0.66459947824478
Unite-836-top5: 428 845 728 678 683 maximum: 0.65555191040039
Unite-837-top5: 592 221 772 835 498 maximum: 0.63708764314651
Unite-838-top5: 784 612 372 327 680 maximum: 0.62565660476685
Unite-839-top5: 13 919 543 535 292 maximum: 0.63923490047455
Unite-840-top5: 854 713 26 635 164 maximum: 0.62947756052017
Unite-841-top5: 458 579 769 8 750 maximum: 0.66904020309448
Unite-842-top5: 891 274 321 639 283 maximum: 0.68364119529724
Unite-843-top5: 342 162 701 702 391 maximum: 0.62924700975418
Unite-844-top5: 937 568 549 472 354 maximum: 0.64110344648361
Unite-845-top5: 131 13 470 774 894 maximum: 0.67647618055344
Unite-846-top5: 802 874 870 309 246 maximum: 0.65202873945236
Unite-847-top5: 828 324 742 403 140 maximum: 0.63744896650314
Unite-848-top5: 575 538 531 561 372 maximum: 0.6261402964592
Unite-849-top5: 694 300 331 690 774 maximum: 0.65369474887848
Unite-850-top5: 25 804 441 931 504 maximum: 0.61597985029221
Unite-851-top5: 571 51 157 866 38 maximum: 0.63331723213196
Unite-852-top5: 41 965 998 154 49 maximum: 0.63175839185715
Unite-853-top5: 209 198 312 296 295 maximum: 0.63517904281616
Unite-854-top5: 632 962 18 64 49 maximum: 0.66550880670547
Unite-855-top5: 466 125 202 249 183 maximum: 0.65559351444244
Unite-856-top5: 949 506 545 526 714 maximum: 0.64873695373535
Unite-857-top5: 894 919 448 213 777 maximum: 0.63459700345993
Unite-858-top5: 124 316 327 88 178 maximum: 0.62082904577255
Unite-859-top5: 98 567 491 722 297 maximum: 0.64152824878693
Unite-860-top5: 676 640 87 265 564 maximum: 0.62587815523148
Unite-861-top5: 453 504 56 287 268 maximum: 0.62539565563202
Unite-862-top5: 81 183 475 102 896 maximum: 0.6457946896553
Unite-863-top5: 360 192 24 680 130 maximum: 0.6309826374054
Unite-864-top5: 852 767 778 224 299 maximum: 0.63523429632187
Unite-865-top5: 454 717 65 107 937 maximum: 0.64233243465424
Unite-866-top5: 307 311 869 234 640 maximum: 0.6588397026062
Unite-867-top5: 9 398 19 350 109 maximum: 0.64299768209457
Unite-868-top5: 330 990 915 248 922 maximum: 0.70766508579254
Unite-869-top5: 636 867 726 482 522 maximum: 0.60600191354752
Unite-870-top5: 36 888 684 839 47 maximum: 0.65441542863846
Unite-871-top5: 871 857 772 443 208 maximum: 0.66140526533127
Unite-872-top5: 325 349 23 746 906 maximum: 0.62897890806198
Unite-873-top5: 775 119 828 862 81 maximum: 0.6605418920517
Unite-874-top5: 33 850 192 571 425 maximum: 0.80537271499634
Unite-875-top5: 153 535 898 810 126 maximum: 0.63102692365646
Unite-876-top5: 631 336 854 898 710 maximum: 0.63868093490601
Unite-877-top5: 173 660 254 692 289 maximum: 0.63212913274765
Unite-878-top5: 56 787 814 778 483 maximum: 0.63217127323151
Unite-879-top5: 361 288 779 485 394 maximum: 0.64382350444794
Unite-880-top5: 341 787 916 443 12 maximum: 0.66489201784134
Unite-881-top5: 66 63 378 434 601 maximum: 0.65090817213058
Unite-882-top5: 325 583 725 860 620 maximum: 0.72701150178909
Unite-883-top5: 663 501 242 5 493 maximum: 0.61967974901199
Unite-884-top5: 993 681 237 534 156 maximum: 0.67353755235672
Unite-885-top5: 605 249 584 495 745 maximum: 0.62657386064529
Unite-886-top5: 538 82 670 55 855 maximum: 0.64851129055023
Unite-887-top5: 163 50 759 845 79 maximum: 0.63704508543015
Unite-888-top5: 79 76 145 583 614 maximum: 0.65327721834183
Unite-889-top5: 973 100 696 162 488 maximum: 0.6546488404274
Unite-890-top5: 792 755 661 915 646 maximum: 0.63428312540054
Unite-891-top5: 132 873 188 644 925 maximum: 0.65073722600937
Unite-892-top5: 214 110 220 8 548 maximum: 0.67851114273071
Unite-893-top5: 208 488 63 403 674 maximum: 0.61211174726486
Unite-894-top5: 464 994 69 627 757 maximum: 0.66117578744888
Unite-895-top5: 599 482 828 995 939 maximum: 0.61986494064331
Unite-896-top5: 311 460 871 535 27 maximum: 0.64416247606277
Unite-897-top5: 376 740 909 640 728 maximum: 0.77422511577606
Unite-898-top5: 943 213 631 824 163 maximum: 0.64660316705704
Unite-899-top5: 282 585 1000 708 699 maximum: 0.66832149028778
Unite-900-top5: 905 707 42 404 534 maximum: 0.63993519544601
Unite-901-top5: 397 391 502 365 466 maximum: 0.93168163299561
Unite-902-top5: 648 824 890 899 50 maximum: 0.62755846977234
Unite-903-top5: 410 638 812 90 396 maximum: 0.64412397146225
Unite-904-top5: 118 561 923 62 412 maximum: 0.63268029689789
Unite-905-top5: 964 711 346 861 461 maximum: 0.66583555936813
Unite-906-top5: 913 50 862 122 437 maximum: 0.63268291950226
Unite-907-top5: 562 689 839 922 838 maximum: 0.61985725164413
Unite-908-top5: 670 639 757 971 646 maximum: 0.63796079158783
Unite-909-top5: 116 903 691 804 198 maximum: 0.62586027383804
Unite-910-top5: 756 271 666 357 1 maximum: 0.63124352693558
Unite-911-top5: 657 167 898 648 833 maximum: 0.63267189264297
Unite-912-top5: 137 996 818 387 590 maximum: 0.64721411466599
Unite-913-top5: 584 816 977 637 174 maximum: 0.65323102474213
Unite-914-top5: 975 602 226 145 766 maximum: 0.6474803686142
Unite-915-top5: 984 994 516 703 753 maximum: 0.70106333494186
Unite-916-top5: 521 177 688 59 395 maximum: 0.64836156368256
Unite-917-top5: 916 237 851 626 599 maximum: 0.6329345703125
Unite-918-top5: 287 483 194 671 211 maximum: 0.67195761203766
Unite-919-top5: 42 764 868 552 675 maximum: 0.65934103727341
Unite-920-top5: 68 28 498 609 571 maximum: 0.61409986019135
Unite-921-top5: 317 867 511 759 46 maximum: 0.62631571292877
Unite-922-top5: 601 879 313 836 636 maximum: 0.60594165325165
Unite-923-top5: 736 813 656 667 164 maximum: 0.61597579717636
Unite-924-top5: 251 414 213 480 915 maximum: 0.63223153352737
Unite-925-top5: 102 836 777 559 336 maximum: 0.64296156167984
Unite-926-top5: 828 669 941 914 371 maximum: 0.68971329927444
Unite-927-top5: 298 630 48 493 442 maximum: 0.63569694757462
Unite-928-top5: 730 139 184 448 514 maximum: 0.62746387720108
Unite-929-top5: 605 471 360 416 749 maximum: 0.70047092437744
Unite-930-top5: 404 376 826 828 200 maximum: 0.70068162679672
Unite-931-top5: 509 829 11 680 503 maximum: 0.73364442586899
Unite-932-top5: 305 228 894 926 653 maximum: 0.62322306632996
Unite-933-top5: 297 984 89 311 581 maximum: 0.65472054481506
Unite-934-top5: 807 210 398 516 127 maximum: 0.63029849529266
Unite-935-top5: 534 357 7 337 885 maximum: 0.67703717947006
Unite-936-top5: 172 42 206 257 633 maximum: 0.63991057872772
Unite-937-top5: 166 790 779 210 760 maximum: 0.64850336313248
Unite-938-top5: 282 548 896 753 517 maximum: 1.0852848291397
Unite-939-top5: 93 975 29 92 555 maximum: 0.61809957027435
Unite-940-top5: 154 708 96 129 825 maximum: 0.63974153995514
Unite-941-top5: 759 36 711 648 755 maximum: 0.63318336009979
Unite-942-top5: 8 436 297 641 661 maximum: 0.65789318084717
Unite-943-top5: 63 217 223 249 454 maximum: 0.61948931217194
Unite-944-top5: 163 493 808 509 896 maximum: 0.94842439889908
Unite-945-top5: 804 704 676 414 483 maximum: 0.68985450267792
Unite-946-top5: 645 417 564 295 464 maximum: 0.62797284126282
Unite-947-top5: 626 79 825 804 449 maximum: 0.61268055438995
Unite-948-top5: 430 313 760 833 550 maximum: 0.63454872369766
Unite-949-top5: 58 445 991 558 668 maximum: 0.64508789777756
Unite-950-top5: 828 282 110 532 882 maximum: 0.63403671979904
Unite-951-top5: 368 105 347 854 217 maximum: 0.63699144124985
Unite-952-top5: 702 951 637 145 846 maximum: 0.62985122203827
Unite-953-top5: 35 194 371 594 722 maximum: 0.64157992601395
Unite-954-top5: 681 360 889 471 972 maximum: 0.65561980009079
Unite-955-top5: 349 747 213 88 5 maximum: 0.64819329977036
Unite-956-top5: 497 509 433 215 265 maximum: 0.59918701648712
Unite-957-top5: 502 529 260 192 690 maximum: 0.63265913724899
Unite-958-top5: 262 188 270 88 727 maximum: 0.72370994091034
Unite-959-top5: 106 249 963 708 312 maximum: 0.64427787065506
Unite-960-top5: 361 89 893 221 61 maximum: 0.62452501058578
Unite-961-top5: 773 805 250 696 21 maximum: 0.66535574197769
Unite-962-top5: 23 241 270 148 842 maximum: 0.64940398931503
Unite-963-top5: 46 364 951 656 676 maximum: 0.63025599718094
Unite-964-top5: 339 424 56 704 136 maximum: 0.6676207780838
Unite-965-top5: 898 595 747 196 912 maximum: 0.63819354772568
Unite-966-top5: 760 511 599 214 24 maximum: 0.62903791666031
Unite-967-top5: 924 808 823 481 395 maximum: 0.64030265808105
Unite-968-top5: 644 647 398 842 788 maximum: 0.61883568763733
Unite-969-top5: 165 389 642 426 440 maximum: 0.62603133916855
Unite-970-top5: 229 619 287 811 785 maximum: 0.64837127923965
Unite-971-top5: 203 677 690 671 490 maximum: 0.62640959024429
Unite-972-top5: 598 704 845 211 428 maximum: 0.6230691075325
Unite-973-top5: 541 375 436 265 426 maximum: 0.65230578184128
Unite-974-top5: 48 45 399 196 978 maximum: 0.78413444757462
Unite-975-top5: 39 125 103 580 932 maximum: 0.62889122962952
Unite-976-top5: 895 520 148 858 826 maximum: 0.67401081323624
Unite-977-top5: 478 731 201 244 906 maximum: 0.63070672750473
Unite-978-top5: 419 903 355 877 466 maximum: 0.63469713926315
Unite-979-top5: 854 962 550 214 842 maximum: 0.7585169672966
Unite-980-top5: 93 195 413 603 351 maximum: 0.65880942344666
Unite-981-top5: 615 303 673 715 125 maximum: 0.69793087244034
Unite-982-top5: 664 436 867 78 874 maximum: 0.67676937580109
Unite-983-top5: 983 805 201 304 272 maximum: 0.63905197381973
Unite-984-top5: 117 859 88 876 348 maximum: 0.61874186992645
Unite-985-top5: 715 114 593 776 517 maximum: 0.63134121894836
Unite-986-top5: 150 764 885 785 705 maximum: 0.68697506189346
Unite-987-top5: 11 183 687 517 133 maximum: 0.63523954153061
Unite-988-top5: 381 34 469 553 305 maximum: 0.68275344371796
Unite-989-top5: 79 510 537 601 100 maximum: 0.70265114307404
Unite-990-top5: 638 128 224 69 916 maximum: 0.64679300785065
Unite-991-top5: 578 32 570 237 10 maximum: 0.62481164932251
Unite-992-top5: 246 391 315 592 88 maximum: 0.64194053411484
Unite-993-top5: 995 89 334 425 265 maximum: 0.63568931818008
Unite-994-top5: 29 156 246 121 915 maximum: 0.64414447546005
Unite-995-top5: 34 995 773 365 639 maximum: 0.72697162628174
Unite-996-top5: 899 492 17 788 292 maximum: 0.63084930181503
Unite-997-top5: 132 693 906 583 740 maximum: 0.62614363431931
Unite-998-top5: 559 638 690 382 646 maximum: 0.69122207164764
Unite-999-top5: 727 403 382 879 19 maximum: 0.64442884922028
Unite-1000-top5: 184 669 947 914 268 maximum: 0.65697753429413
Unite-1001-top5: 440 511 171 618 827 maximum: 0.63478875160217
Unite-1002-top5: 934 594 234 240 117 maximum: 0.66291183233261
Unite-1003-top5: 342 821 243 250 751 maximum: 0.62827569246292
Unite-1004-top5: 639 36 580 137 534 maximum: 0.61909753084183
Unite-1005-top5: 651 628 6 391 47 maximum: 0.63145238161087
Unite-1006-top5: 784 711 566 613 756 maximum: 0.64186191558838
Unite-1007-top5: 769 54 910 413 235 maximum: 0.63645178079605
Unite-1008-top5: 417 594 564 102 560 maximum: 0.68700766563416
Unite-1009-top5: 31 646 755 181 286 maximum: 0.63165247440338
Unite-1010-top5: 298 255 10 513 659 maximum: 0.63207530975342
Unite-1011-top5: 261 721 755 185 364 maximum: 0.63493257761002
Unite-1012-top5: 554 263 220 317 893 maximum: 0.63305366039276
Unite-1013-top5: 27 978 848 799 609 maximum: 0.68351542949677
Unite-1014-top5: 974 727 923 178 287 maximum: 0.62491220235825
Unite-1015-top5: 498 98 889 573 179 maximum: 0.65085595846176
Unite-1016-top5: 592 547 309 682 992 maximum: 0.6495144367218
Unite-1017-top5: 15 570 492 376 556 maximum: 0.63482826948166
Unite-1018-top5: 836 948 403 843 41 maximum: 0.63777393102646
Unite-1019-top5: 639 945 214 102 599 maximum: 0.62112081050873
Unite-1020-top5: 185 707 157 820 827 maximum: 0.66066694259644
Unite-1021-top5: 280 582 56 61 385 maximum: 0.61554044485092
Unite-1022-top5: 443 552 108 863 430 maximum: 0.6500483751297
Unite-1023-top5: 777 28 89 136 909 maximum: 0.61241006851196
Unite-1024-top5: 6 267 635 836 829 maximum: 0.64975714683533
