 0.0701
 0.0347
 0.0310
 0.0117
 0.0643
 0.0168
 0.0315
 0.0271
 0.0321
 0.2871
 0.0108
 0.0118
 0.0277
 0.0303
 0.0873
 0.0790
 0.0607
 0.0461
 0.0621
 0.0190
 0.0435
 0.0197
 0.0524
 0.0797
 0.0918
 0.0380
 0.0691
 0.0518
 0.0570
 0.0834
 0.0238
 0.0281
 0.0892
 0.0397
 0.1182
 0.1464
 0.1174
 0.0515
 0.1803
 0.0462
 0.0242
 0.0371
 0.0219
 0.0349
 0.0897
 0.0481
 0.0509
 0.0411
 0.0369
 0.0447
 0.0499
 0.0487
 0.0420
 0.0506
 0.0274
 0.1010
 0.0124
 0.0302
 0.0612
 0.0507
 0.0643
 0.0528
 0.2257
 0.0223
 0.0406
 0.0214
 0.1208
 0.1177
 0.0607
 0.1578
 0.1071
 0.0570
 0.0373
 0.0345
 0.0256
 0.0705
 0.1293
 0.0451
 0.0135
 0.0820
 0.2324
 0.0521
 0.0311
 0.0306
 0.1726
 0.0383
 0.0789
 0.0689
 0.0575
 0.0926
 0.0215
 0.0282
 0.0939
 0.1657
 0.1301
 0.0258
 0.0341
 0.0302
 0.0478
 0.0411
 0.0782
 0.0449
 0.0112
 0.1052
 0.1259
 0.0278
 0.0572
 0.0698
 0.0430
 0.0870
 0.0301
 0.0175
 0.0600
 0.1577
 0.0155
 0.0996
 0.0454
 0.0826
 0.0503
 0.1750
 0.0983
 0.0152
 0.0265
 0.0285
 0.1130
 0.0520
 0.0181
 0.0614
 0.0159
 0.0269
 0.0487
 0.0111
 0.1084
 0.0530
 0.0206
 0.0624
 0.0495
 0.0722
 0.1062
 0.0313
 0.0406
 0.0471
 0.1326
 0.0410
 0.0227
 0.0422
 0.0183
 0.1278
 0.1137
 0.1303
 0.0923
 0.0399
 0.0332
 0.0782
 0.0432
 0.0150
 0.0501
 0.0286
 0.0176
 0.0156
 0.0866
 0.0246
 0.0246
 0.1563
 0.0976
 0.0467
 0.2931
 0.3966
 0.0297
 0.0131
 0.0871
 0.0850
 0.0236
 0.0471
 0.0431
 0.0696
 0.0244
 0.0687
 0.0770
 0.0506
 0.0085
 0.0258
 0.0608
 0.1492
 0.0330
 0.0310
 0.1614
 0.1002
 0.0481
 0.0382
 0.0514
 0.0891
 0.0432
 0.3202
 0.0228
 0.0912
 0.0313
 0.0762
 0.0512
 0.0665
 0.0434
 0.0371
 0.0143
 0.0444
 0.0705
 0.0304
 0.0451
 0.0940
 0.0764
 0.0946
 0.1419
 0.0158
 0.0885
 0.3012
 0.0427
 0.0240
 0.1816
 0.0455
 0.0279
 0.0344
 0.1327
 0.0785
 0.0412
 0.0199
 0.0224
 0.0446
 0.0625
 0.0221
 0.0197
 0.0653
 0.0813
 0.0691
 0.0123
 0.0676
 0.0305
 0.0903
 0.0763
 0.0972
 0.0547
 0.0470
 0.0098
 0.0453
 0.0388
 0.0636
 0.0390
 0.0191
 0.0967
 0.0372
 0.0341
 0.1525
 0.0564
 0.2265
 0.0491
 0.0704
 0.0245
 0.0370
 0.2752
 0.0987
 0.0453
 0.1357
 0.0867
 0.0434
 0.1063
 0.1010
 0.0274
 0.1472
 0.0408
 0.2299
 0.0513
 0.0441
 0.0404
 0.0825
 0.1322
 0.1881
 0.0196
 0.0308
 0.0358
 0.0686
 0.0668
 0.0313
 0.1953
 0.0106
 0.3012
 0.0723
 0.1286
 0.0750
 0.2906
 0.1347
 0.1977
 0.0613
 0.0610
 0.0792
 0.0955
 0.0412
 0.0284
 0.0531
 0.0831
 0.0516
 0.0636
 0.0375
 0.0153
 0.0321
 0.1297
 0.0708
 0.1856
 0.0848
 0.0338
 0.0197
 0.0734
 0.0987
 0.0425
 0.0262
 0.0513
 0.1807
 0.1302
 0.0315
 0.0654
 0.0157
 0.0175
 0.0389
 0.0876
 0.0175
 0.0442
 0.1339
 0.0317
 0.0826
 0.0743
 0.0274
 0.0314
 0.0849
 0.0275
 0.0862
 0.0424
 0.0347
 0.0839
 0.0676
 0.0281
 0.0919
 0.0813
 0.0961
 0.1047
 0.0386
 0.0421
 0.0323
 0.1240
 0.0858
 0.0513
 0.2358
 0.1466
 0.1300
 0.0308
 0.0669
 0.0394
 0.0745
 0.0109
 0.0190
 0.0764
 0.0452
 0.0324
 0.0480
 0.0145
 0.1151
 0.1006
 0.0490
 0.0225
 0.1114
 0.0466
 0.0511
 0.0195
 0.0172
 0.0311
 0.0499
 0.0687
 0.0617
 0.1402
 0.1004
 0.1067
 0.0101
 0.0352
 0.1031
 0.1273
 0.1162
 0.0999
 0.1914
 0.0209
 0.1010
 0.0784
 0.0217
 0.0498
 0.0284
 0.0429
 0.0121
 0.2325
 0.0507
 0.0586
 0.0927
 0.0611
 0.0318
 0.0477
 0.1170
 0.0843
 0.0404
 0.0399
 0.0097
 0.0432
 0.1008
 0.0352
 0.0663
 0.1452
 0.1134
 0.0306
 0.0318
 0.2079
 0.0907
 0.0595
 0.0218
 0.1843
 0.1057
 0.0522
 0.1208
 0.0750
 0.0707
 0.0254
 0.0282
 0.0740
 0.0891
 0.0406
 0.0415
 0.1062
 0.0536
 0.0256
 0.1484
 0.0665
 0.0250
 0.0995
 0.0210
 0.0309
 0.0951
 0.0516
 0.0513
 0.0484
 0.0310
 0.0538
 0.0146
 0.0706
 0.1713
 0.0443
 0.0253
 0.2174
 0.2756
 0.1116
 0.1210
 0.0128
 0.0905
 0.0309
 0.1446
 0.0770
 0.0461
 0.0538
 0.0372
 0.0529
 0.0623
 0.1603
 0.0158
 0.1207
 0.1178
 0.0231
 0.0643
 0.0365
 0.0404
 0.2095
 0.0703
 0.0875
 0.0624
 0.0084
 0.1492
 0.1279
 0.0688
 0.0551
 0.0569
 0.0209
 0.0535
 0.0565
 0.0721
 0.0322
 0.0778
 0.0299
 0.0768
 0.0476
 0.0501
 0.0672
 0.0470
 0.0236
 0.0554
 0.0215
 0.0716
 0.1455
 0.0783
 0.0842
 0.0134
 0.0673
 0.0877
 0.0398
 0.0389
 0.0196
 0.0575
 0.1522
 0.0408
 0.0232
 0.0324
 0.0859
 0.0785
 0.1480
 0.0442
 0.0381
 0.0068
 0.0157
 0.0446
 0.0635
 0.0287
 0.0597
 0.1887
 0.0404
 0.0735
 0.0702
 0.0657
 0.0402
 0.0429
 0.0747
 0.0727
 0.0625
 0.0404
 0.0985
 0.0454
 0.0102
 0.0516
 0.0496
 0.0657
 0.0497
 0.0622
 0.0152
 0.0998
 0.0314
 0.1124
 0.0502
 0.0170
 0.0865
 0.0682
 0.0447
 0.0535
 0.0277
 0.0125
 0.1110
 0.0624
 0.0583
 0.0686
 0.0472
 0.1074
 0.0318
 0.0473
 0.0836
 0.0646
 0.0601
 0.0214
 0.0340
 0.0803
 0.0558
 0.0262
 0.0726
 0.0454
 0.0356
 0.0551
 0.0160
 0.0440
 0.0165
 0.0386
 0.5316
 0.0937
 0.0227
 0.0214
 0.3302
 0.1138
 0.0214
 0.0897
 0.1668
 0.0864
 0.0375
 0.0613
 0.0703
 0.0517
 0.0727
 0.0655
 0.0164
 0.0861
 0.0562
 0.0409
 0.0647
 0.0576
 0.0864
 0.0342
 0.0699
 0.0589
 0.0815
 0.0261
 0.0404
 0.0584
 0.0443
 0.2512
 0.0594
 0.2388
 0.0454
 0.0363
 0.0655
 0.0755
 0.0120
 0.0370
 0.0764
 0.0422
 0.0435
 0.0382
 0.1637
 0.0272
 0.0498
 0.2513
 0.1036
 0.0446
 0.1013
 0.0233
 0.2665
 0.0495
 0.0659
 0.0874
 0.3751
 0.0304
 0.0248
 0.0199
 0.0243
 0.0609
 0.0376
 0.1273
 0.0595
 0.0386
 0.0640
 0.0935
 0.0367
 0.0456
 0.2663
 0.0648
 0.0480
 0.1594
 0.0170
 0.0182
 0.0563
 0.0625
 0.0115
 0.0316
 0.0658
 0.0600
 0.1013
 0.0248
 0.1028
 0.1023
 0.0673
 0.0577
 0.0580
 0.0201
 0.0703
 0.0668
 0.1340
 0.1184
 0.0241
 0.0327
 0.0651
 0.0361
 0.1037
 0.0944
 0.0361
 0.2496
 0.0245
 0.0128
 0.0854
 0.0369
 0.0368
 0.1152
 0.0419
 0.1162
 0.0427
 0.1713
 0.2606
 0.0756
 0.0685
 0.0463
 0.0622
 0.0200
 0.0331
 0.0253
 0.1852
 0.1567
 0.0211
 0.0410
 0.0370
 0.0356
 0.0791
 0.0409
 0.1239
 0.0385
 0.0387
 0.0398
 0.0265
 0.0450
 0.0364
 0.0597
 0.3540
 0.0465
 0.4164
 0.0147
 0.1999
 0.0199
 0.0165
 0.0559
 0.1034
 0.0296
 0.0229
 0.0410
 0.0447
 0.1575
 0.0404
 0.0166
 0.0260
 0.0479
 0.0431
 0.2236
 0.0540
 0.0829
 0.0729
 0.0544
 0.0408
 0.1081
 0.0924
 0.0405
 0.1165
 0.0561
 0.0237
 0.2664
 0.0720
 0.1379
 0.0503
 0.0423
 0.0235
 0.1325
 0.0369
 0.1183
 0.1196
 0.0860
 0.0224
 0.1608
 0.0438
 0.0614
 0.0487
 0.0967
 0.2450
 0.1929
 0.0230
 0.0326
 0.0574
 0.2979
 0.0347
 0.0701
 0.0248
 0.0379
 0.2376
 0.0349
 0.0348
 0.0507
 0.0787
 0.0771
 0.1327
 0.0685
 0.0643
 0.0451
 0.0154
 0.0437
 0.0111
 0.0259
 0.1369
 0.0240
 0.1390
 0.0692
 0.0768
 0.0803
 0.0820
 0.0461
 0.1694
 0.0281
 0.0272
 0.0372
 0.0399
 0.0764
 0.0211
 0.1134
 0.0674
 0.0552
 0.0297
 0.2403
 0.0396
 0.0234
 0.0390
 0.0253
 0.0649
 0.1055
 0.0374
 0.0457
 0.0250
 0.0707
 0.0229
 0.0415
 0.0461
 0.0205
 0.1159
 0.0577
 0.0986
 0.0345
 0.0948
 0.0382
 0.1330
 0.0262
 0.0154
 0.0948
 0.0195
 0.0330
 0.1207
 0.0207
 0.0956
 0.0266
 0.1256
 0.0108
 0.0279
 0.0504
 0.0746
 0.0140
 0.1016
 0.1500
 0.0229
 0.0822
 0.0348
 0.0507
 0.0327
 0.0212
 0.0531
 0.0291
 0.0130
 0.0129
 0.0223
 0.0297
 0.0502
 0.0201
 0.0302
 0.0263
 0.0175
 0.0594
 0.0165
 0.0580
 0.0600
 0.0265
 0.0624
 0.0110
 0.0218
 0.1861
 0.0364
 0.0936
 0.0417
 0.0692
 0.1024
 0.2167
 0.0272
 0.0329
 0.0254
 0.0246
 0.0450
 0.1241
 0.0377
 0.1097
 0.0673
 0.0621
 0.0670
 0.0541
 0.0100
 0.0253
 0.0495
 0.0531
 0.0441
 0.0312
 0.0170
 0.0668
 0.0137
 0.0635
 0.1015
 0.0118
 0.1621
 0.0845
 0.4091
 0.0939
 0.0498
 0.0558
 0.0669
 0.0424
 0.0234
 0.0406
 0.0278
 0.0639
 0.0548
 0.1037
 0.0206
 0.0541
 0.1590
 0.1031
 0.0387
 0.0395
 0.1417
 0.0267
 0.0708
 0.0521
 0.0645
 0.0565
 0.0715
 0.0650
 0.0197
 0.0156
 0.1938
 0.0125
 0.0835
 0.0091
 0.0188
 0.0278
 0.0929
 0.0701
 0.0498
 0.4841
 0.0507
 0.0687
 0.0122
 0.0296
 0.0572
 0.3565
 0.1867
 0.0810
 0.0494
 0.0821
 0.0871
 0.0497
 0.1009
 0.0538
 0.0456
 0.0311
 0.0290
 0.0421
 0.0095
 0.1753
 0.0695
 0.0192
 0.0618
 0.0281
 0.0219
 0.1577
 0.0437
 0.0334
 0.0145
 0.0354
 0.0446
 0.1227
 0.0613
 0.0372
 0.1313
 0.2604
 0.0834
 0.1701
 0.0823
 0.0435
 0.2109
 0.0710
 0.0097
 0.0392
 0.0583
 0.0299
 0.0346
 0.1288
 0.0434
 0.0939
 0.1993
 0.0190
 0.0521
 0.0469
 0.0261
 0.0500
 0.0138
 0.0694
 0.0305
 0.1785
 0.0626
 0.0408
 0.0153
 0.0095
 0.0343
 0.0639
 0.0347
 0.0682
 0.0890
 0.0126
 0.0364
 0.0368
 0.0223
 0.0631
 0.0486
 0.0738
 0.0592
 0.0459
 0.0323
 0.0210
 0.0276
 0.0178
 0.0323
 0.0399
 0.0217
 0.1454
