0.028890481218696
0.029314680024981
0.033157978206873
0.029494348913431
0.025872269645333
0.026393776759505
0.028120761737227
0.027627537027001
0.027378976345062
0.029556654393673
0.022818062454462
0.028395598754287
0.030108448117971
0.028754202648997
0.029992196708918
0.026580883190036
0.027180125936866
0.026654295623302
0.023696871474385
0.027863109484315
0.02905679307878
0.027413200587034
0.026930175721645
0.029056064784527
0.028162065893412
0.029950354248285
0.0300113838166
0.027518033981323
0.028107842430472
0.025437083095312
0.029294768348336
0.027318736538291
0.02397988922894
0.030113505199552
0.030597804114223
0.032688573002815
0.029875190928578
0.024984316900373
0.029182348400354
0.02925942838192
0.026881439611316
0.029759215191007
0.030358703806996
0.028240721672773
0.02840693667531
0.031783916056156
0.02931577898562
0.028743052855134
0.031366053968668
0.028067294508219
0.032199177891016
0.041576948016882
0.029748808592558
0.043782088905573
0.027790728956461
0.037707690149546
0.028231792151928
0.026450062170625
0.028357289731503
0.027075642719865
0.028924256563187
0.030051279813051
0.03165091201663
0.03250914439559
0.028393371030688
0.030066460371017
0.039369966834784
0.028298674151301
0.027295367792249
0.02615374699235
0.030314007773995
0.031175008043647
0.030928360298276
0.028412904590368
0.030228806659579
0.031608819961548
0.03161546215415
0.027581388130784
0.030148915946484
0.028689974918962
0.026695331558585
0.030717678368092
0.025479381904006
0.029298761859536
0.027413124218583
0.030276346951723
0.027305662631989
0.026550574228168
0.027993002906442
0.051181554794312
0.029219986870885
0.028435306623578
0.030118180438876
0.046883139759302
0.032111119478941
0.030831364914775
0.030803211033344
0.029707480221987
0.028293795883656
0.030292369425297
0.034748241305351
0.028963502496481
0.034969598054886
0.027196248993278
0.037808086723089
0.031038235872984
0.028765629976988
0.026816038414836
0.028178617358208
0.034408807754517
0.03076814673841
0.028427125886083
0.028866149485111
0.030928112566471
0.028946544975042
0.025762312114239
0.028204448521137
0.029061511158943
0.030830638483167
0.027603456750512
0.029456043615937
0.025818513706326
0.028828378766775
0.029548576101661
0.030906626954675
0.034388948231936
0.028843740001321
0.034398298710585
0.026809133589268
0.026735449209809
0.029580879956484
0.030598394572735
0.028441393747926
0.045147966593504
0.027352331206203
0.027413729578257
0.029959784820676
0.028862483799458
0.026456700637937
0.029548142105341
0.038587812334299
0.028944524005055
0.026640985161066
0.028713293373585
0.029705645516515
0.026647513732314
0.029274731874466
0.031126081943512
0.034315183758736
0.026616781949997
0.037887077778578
0.036090731620789
0.028840970247984
0.040216963738203
0.029884556308389
0.036785509437323
0.028639795258641
0.031246863305569
0.028910739347339
0.03060357272625
0.033492550253868
0.030031058937311
0.028983065858483
0.030100796371698
0.026289341971278
0.028959659859538
0.033580604940653
0.033403873443604
0.028379583731294
0.029326783493161
0.031925600022078
0.029858246445656
0.028307922184467
0.035771772265434
0.028131043538451
0.029324863106012
0.031170032918453
0.031725611537695
0.029526548460126
0.029711885377765
0.030404806137085
0.027495799586177
0.026404863223433
0.027928637340665
0.036130681633949
0.030445465818048
0.032851841300726
0.036937266588211
0.030412478372455
0.029611172154546
0.028803132474422
0.029361123219132
0.030035596340895
0.027929784730077
0.029574079439044
0.028322888538241
0.026133228093386
0.035033836960793
0.032205548137426
0.024307103827596
0.03377502784133
0.029589327052236
0.029158715158701
0.029076518490911
0.028809012845159
0.028709277510643
0.030156983062625
0.03077894821763
0.026650262996554
0.035075411200523
0.044662740081549
0.027055621147156
0.049199678003788
0.027513008564711
0.031942512840033
0.028682855889201
0.032837152481079
0.029691139236093
0.031736791133881
0.028344625607133
0.030191533267498
0.02704000659287
0.03295161947608
0.025407001376152
0.037549503147602
0.029364690184593
0.031524777412415
0.027891648933291
0.027954019606113
0.028451820835471
0.028689002618194
0.029074272140861
0.025881057605147
0.029165897518396
0.029376115649939
0.029016017913818
0.037533160299063
0.027733232825994
0.029891287907958
0.028750371187925
0.02756610698998
0.027959946542978
0.02607137709856
0.038554947823286
0.029273457825184
0.024135505780578
0.028353063389659
0.031248321756721
0.028024176135659
0.026814226061106
0.029734745621681
0.039456732571125
0.029934134334326
0.029321728274226
0.022913340479136
0.028986200690269
0.027127604931593
0.029123045504093
0.028202038258314
0.027650052681565
0.031230295076966
0.028328195214272
0.033050391823053
0.026540018618107
0.028661016374826
0.029504952952266
0.028600990772247
0.032384023070335
0.02975394949317
0.0270357709378
0.031285177916288
0.025289760902524
0.042219679802656
0.027476882562041
0.029708268120885
0.029644159600139
0.027877099812031
0.037174355238676
0.026511572301388
0.032719023525715
0.029084587469697
0.028935639187694
0.031548831611872
0.03089021705091
0.029452536255121
0.042294386774302
0.029519151896238
0.027507003396749
0.027875643223524
0.024751560762525
0.035118117928505
0.039738971740007
0.028449330478907
0.02162653580308
0.028562113642693
0.027899038046598
0.035698384046555
0.02772675268352
0.026909459382296
0.022958176210523
0.030144086107612
0.03755072504282
0.027171751484275
0.027519697323442
0.04484573379159
0.027271343395114
0.027863787487149
0.02839482575655
0.03178384527564
0.028627339750528
0.02919059060514
0.029950143769383
0.037047658115625
0.02586611174047
0.030625211074948
0.029376117512584
0.027659917250276
0.032301981002092
0.029229113832116
0.030232483521104
0.0305599514395
0.029242988675833
0.028535777702928
0.030091509222984
0.027190331369638
0.030753763392568
0.029502362012863
0.031701646745205
0.032057818025351
0.028580211102962
0.027889268472791
0.0234539732337
0.027950391173363
0.028419656679034
0.026705231517553
0.031652476638556
0.028399268165231
0.027255978435278
0.032695937901735
0.029856331646442
0.027570998296142
0.028698163107038
0.031278509646654
0.02589332871139
0.030304733663797
0.029076153412461
0.029143834486604
0.027438389137387
0.046602640300989
0.027955796569586
0.028545346111059
0.025611117482185
0.031843144446611
0.031305398792028
0.032375410199165
0.029885247349739
0.028993805870414
0.028284290805459
0.032065499573946
0.029560213908553
0.027819689363241
0.031337801367044
0.032857287675142
0.030931258574128
0.028436666354537
0.028632184490561
0.031648721545935
0.029904421418905
0.031615663319826
0.026234375312924
0.030561463907361
0.029098430648446
0.033208597451448
0.026550881564617
0.030169500038028
0.025611605495214
0.030165744945407
0.027923142537475
0.031929280608892
0.034501049667597
0.029281731694937
0.027644407004118
0.029229268431664
0.049292933195829
0.030520919710398
0.030794374644756
0.027897607535124
0.025028808042407
0.032894439995289
0.028268730267882
0.027497339993715
0.029607284814119
0.031085571274161
0.028535153716803
0.027986250817776
0.029548248276114
0.032465565949678
0.031691212207079
0.02688473276794
0.029670797288418
0.026190670207143
0.027917340397835
0.027174366638064
0.026896806433797
0.027146955952048
0.026981379836798
0.033175319433212
0.030044110491872
0.043717842549086
0.028460977599025
0.026515604928136
0.03083042614162
0.030235905200243
0.027021924033761
0.029376201331615
0.024024059996009
0.033094223588705
0.038199234753847
0.035229846835136
0.033129885792732
0.029419945552945
0.028154354542494
0.028949109837413
0.029701495543122
0.028831383213401
0.029623001813889
0.025460472330451
0.028352234512568
0.030698714777827
0.034391742199659
0.032563526183367
0.033896204084158
0.030693469569087
0.029338320717216
0.030796708539128
0.027599859982729
0.026073602959514
0.032028440386057
0.031804155558348
0.032363466918468
0.031153669580817
0.026967147365212
0.029368508607149
0.0282366797328
0.041198637336493
0.041614077985287
0.032476708292961
0.027069430798292
0.028437538072467
0.049296338111162
0.034063469618559
0.031591136008501
0.029129710048437
0.030183246359229
0.026659570634365
0.036012001335621
0.036825373768806
0.032839793711901
0.03248979896307
0.028414007276297
0.031163146719337
0.031088875606656
0.036216892302036
0.030794531106949
0.037874188274145
0.027362128719687
0.028610887005925
0.028132336214185
0.029289906844497
0.030974393710494
0.038971371948719
0.030039446428418
0.03716953471303
0.031425815075636
0.028286701068282
0.027854792773724
0.028472721576691
0.030307371169329
0.030550988391042
0.030585175380111
0.027454806491733
0.029064923524857
0.02689846418798
0.029809536412358
0.028330530971289
0.027405487373471
0.029529366642237
0.02955461665988
0.032506246119738
0.031003283336759
0.038581822067499
0.030213572084904
0.029043108224869
0.03401991724968
0.032624255865812
0.029715361073613
0.028720393776894
0.030140453949571
0.034015938639641
0.029155544936657
0.031505160033703
0.040550295263529
0.035288970917463
0.029327617958188
0.052759855985641
0.03028274141252
0.028843889012933
0.034853257238865
0.03011717274785
0.030558029189706
0.0277288723737
0.029686138033867
0.025571828708053
0.025869598612189
0.03073220141232
0.030898114666343
0.027256714180112
0.032819032669067
0.029542250558734
0.03041223436594
0.033426288515329
0.027199761942029
0.032639734447002
0.030250277370214
0.027720088139176
0.0283567532897
0.028192481026053
0.032773457467556
0.032184712588787
0.029037415981293
0.027679294347763
0.030218014493585
0.026211176067591
0.028122242540121
0.029188230633736
0.029242224991322
0.030829902738333
0.039554696530104
0.030358215793967
0.030144162476063
0.027907716110349
0.034044168889523
0.024918241426349
0.029782189056277
0.038716949522495
0.026631064713001
0.031148292124271
0.024873262271285
0.029881341382861
0.032381482422352
0.028455169871449
0.026829499751329
0.032793272286654
0.027096252888441
0.029794586822391
0.028929777443409
0.029768271371722
0.03044955059886
0.028102552518249
0.027290845289826
0.030480338260531
0.028497476130724
0.02709860727191
0.027932826429605
0.02874075807631
0.030389860272408
0.02828898280859
0.029764924198389
0.042710673063993
0.02715483494103
0.028306845575571
0.030189886689186
0.026830838993192
0.030378544703126
0.029152520000935
0.026797685772181
0.032001491636038
0.030726928263903
0.026134999468923
0.026985242962837
0.032809253782034
0.028275100514293
0.029271559789777
0.026894088834524
0.029208663851023
0.027508830651641
0.027822697535157
0.03994707390666
0.032525759190321
0.034763488918543
0.029566735029221
0.034429371356964
0.031026400625706
0.040579613298178
0.04069971293211
0.030972231179476
0.034255173057318
0.028278168290854
0.030354607850313
0.026753416284919
0.026024548336864
0.027745470404625
0.02796440012753
0.027616031467915
0.028651243075728
0.02749178558588
0.028424246236682
0.030891405418515
0.023675978183746
0.027708103880286
0.034613456577063
0.028233207762241
0.027359340339899
0.027787210419774
0.025982841849327
0.030101856216788
0.032695878297091
0.027569331228733
0.033296447247267
0.030861467123032
0.025980452075601
0.0302630122751
0.028052290901542
0.030742051079869
0.027816688641906
0.029082059860229
0.028252307325602
0.038838934153318
0.028471324592829
0.028354296460748
0.037984170019627
0.0255017708987
0.027417620643973
0.031362809240818
0.031437709927559
0.031081438064575
0.02819942869246
0.032505601644516
0.029710963368416
0.029440697282553
0.027874646708369
0.032705154269934
0.024402398616076
0.028515974059701
0.029222378507257
0.037031248211861
0.034998055547476
0.029327312484384
0.029037810862064
0.02829928509891
0.031138015910983
0.030253998935223
0.029198391363025
0.040775366127491
0.028757348656654
0.029867995530367
0.046894807368517
0.027608653530478
0.026174984872341
0.026669194921851
0.032237831503153
0.026631888002157
0.032196622341871
0.026025656610727
0.030850598588586
0.039279103279114
0.030897678807378
0.028441708534956
0.027547273784876
0.028643095865846
0.026904132217169
0.042377922683954
0.031523957848549
0.026681110262871
0.028405446559191
0.029379459097981
0.028201088309288
0.030640117824078
0.028824979439378
0.033289071172476
0.026457687839866
0.025818472728133
0.026291044428945
0.03031212836504
0.038325063884258
0.027704177424312
0.026571407914162
0.028619071468711
0.031025514006615
0.027598967775702
0.029398346319795
0.032134044915438
0.045622460544109
0.027542324736714
0.029372597113252
0.029047487303615
0.033997606486082
0.028313612565398
0.032485749572515
0.029364934191108
0.027186678722501
0.027592984959483
0.033112265169621
0.030242621898651
0.031973980367184
0.032102409750223
0.032798551023006
0.029638627544045
0.026577042415738
0.028674622997642
0.031790945678949
0.028618523851037
0.028424374759197
0.031404443085194
0.045095484703779
0.027172744274139
0.030645970255136
0.031215714290738
0.031424820423126
0.030071966350079
0.032606616616249
0.029305556789041
0.029783820733428
0.027365678921342
0.028661208227277
0.027294250205159
0.03032411262393
0.027984840795398
0.02800415828824
0.036126974970102
0.029312204569578
0.028510266914964
0.027707995846868
0.02776856161654
0.029758907854557
0.025834450498223
0.025264237076044
0.02549821138382
0.032373357564211
0.029507093131542
0.02684335783124
0.03911180049181
0.030626008287072
0.028806129470468
0.038602881133556
0.050521742552519
0.029819834977388
0.031376775354147
0.027037819847465
0.034254420548677
0.030421208590269
0.029491014778614
0.029078042134643
0.029886776581407
0.027728697285056
0.027616273611784
0.029598478227854
0.026785081252456
0.030634794384241
0.029804339632392
0.030630629509687
0.027671935036778
0.028832085430622
0.025978319346905
0.026471298187971
0.02687555924058
0.029335869476199
0.031452003866434
0.039404988288879
0.029400346800685
0.039501208811998
0.032393183559179
0.028546923771501
0.030791884288192
0.031809490174055
0.027797987684608
0.028482221066952
0.02996039390564
0.031496413052082
0.027925245463848
0.028236595913768
0.027154756709933
0.028202529996634
0.026070630177855
0.028928019106388
0.031201306730509
0.040408041328192
0.03084691055119
0.027657561004162
0.029568867757916
0.027589596807957
0.031275913119316
0.030588986352086
0.029494352638721
0.025319255888462
0.027232773602009
0.028380738571286
0.028502859175205
0.029996816068888
0.029478166252375
0.030385076999664
0.029550725594163
0.025259949266911
0.027553183957934
0.027355445548892
0.027874607592821
0.031005831435323
0.032578330487013
0.028734851628542
0.031603507697582
0.026093641296029
0.030338056385517
0.027764717116952
0.028199255466461
0.03146393224597
0.035107798874378
0.029328914359212
0.026488738134503
0.027389515191317
0.028323782607913
0.026826227083802
0.025879450142384
0.026436273008585
0.028770752251148
0.046023953706026
0.032051675021648
0.029316356405616
0.03045566752553
0.02912069670856
0.028905220329762
0.039464764297009
0.031551603227854
0.035908367484808
0.027148213237524
0.031845457851887
0.029376052320004
0.029246563091874
0.030494792386889
0.027135618031025
0.026502029970288
0.031658429652452
0.041441772133112
0.029891338199377
0.029332114383578
0.028445299714804
0.029084732756019
0.02894726768136
0.042768120765686
0.029708230867982
0.027142234146595
0.035363987088203
0.030707839876413
0.030506405979395
0.027277287095785
0.031351797282696
0.033308602869511
0.029218768700957
0.028072690591216
0.027733763679862
0.031261522322893
0.024514338001609
0.029846539720893
0.024568850174546
0.027690663933754
0.029158040881157
0.030524987727404
0.035129591822624
0.02869613468647
0.027945848181844
0.031811062246561
0.027505600824952
0.031635757535696
0.042785033583641
0.036008920520544
0.028758715838194
0.028013465926051
0.028543265536427
0.027458088472486
0.026943683624268
0.032548785209656
0.034332819283009
0.031423076987267
0.027837237343192
0.037071000784636
0.035951245576143
0.032807417213917
0.030391333624721
0.025542348623276
0.030189663171768
0.025649985298514
0.031506478786469
0.02927097119391
0.030497495085001
0.029937269166112
0.028173126280308
0.029705470427871
0.032624207437038
0.03062447719276
0.02898215316236
0.02940957993269
0.029422687366605
0.031611602753401
0.036693386733532
0.030130496248603
0.02999123185873
0.037854682654142
0.026494128629565
0.027150297537446
0.029429841786623
0.029169946908951
0.028779035434127
0.036494575440884
0.028371080756187
0.031066197901964
0.02729637734592
0.029283959418535
0.028498565778136
0.031680233776569
0.033598285168409
0.030322702601552
0.02693603374064
0.0279461722821
0.029460377991199
0.023531064391136
0.038882333785295
0.027827395126224
0.025472350418568
0.028348006308079
0.029647679999471
0.026506476104259
0.023463010787964
0.029269577935338
0.029532974585891
0.028981849551201
0.051792051643133
0.029720220714808
0.027946790680289
0.041542418301105
0.029469793662429
0.027127487584949
0.031159941107035
0.030387980863452
0.032115418463945
0.045266851782799
0.024023804813623
0.041823379695415
0.02725531347096
0.031094269827008
0.030510205775499
0.025154374539852
0.031712174415588
0.029978208243847
0.032627116888762
0.031728588044643
0.030760303139687
0.031488709151745
0.031787559390068
0.029514389112592
0.02685110270977
0.029130024835467
0.029148599132895
0.028985399752855
0.028608756139874
0.028310382738709
0.026942225173116
0.036152608692646
0.029571995139122
0.029767002910376
0.027711031958461
0.038372378796339
0.032551743090153
0.031446915119886
0.036863557994366
0.031182670965791
0.028149029240012
0.029046509414911
0.030588636174798
0.032214403152466
0.026456214487553
0.030833028256893
0.030984638258815
0.026891902089119
0.024207804352045
0.030600666999817
0.028318816795945
0.035524614155293
0.027498653158545
0.027789704501629
0.028195548802614
0.026525506749749
0.030134279280901
0.021622812375426
0.029055831953883
0.030861044302583
0.026198917999864
0.028717178851366
0.030944768339396
0.028303412720561
0.028457086533308
0.028439557179809
0.02822382375598
0.027583826333284
0.031840365380049
0.028069010004401
0.029163116589189
0.025830816477537
0.027313552796841
0.026301374658942
0.026493649929762
0.034097950905561
0.029831543564796
0.025305388495326
0.030546776950359
0.028887713328004
0.027542902156711
0.031344369053841
0.030365761369467
0.029534948989749
0.03149177506566
0.026841457933187
0.026378475129604
0.032569855451584
0.030546555295587
0.026223033666611
